0.0 1 0 2 1 1 0 0 0 0 0 0 0 0.0 0 0 0 0 0 0 0 0 0 0.0 0.0 0 0 100 6174015488 6109590936 6174015488
1.0081 1 0 2 1 1 0 0 8000 0 0 0 0 0.0 0 0 0 0 0 0 0 0 0 0.0 0.0 0 0 100 6174015488 6109590936 6174015488
5.2109694333434655 1 0 2 1 0 0 1 6999 0 1000 1 1001 0.23793268286340274 1 0 0 0 0 0 0 0 0 0.0 0.0 0 0 100 6174015488 6109590936 6174015488
22.53091320694948 1 0 2 1 0 0 1 6997 0 1000 3 1003 0.11547381597438058 3 0 0 0 0 0 0 0 0 0.0 0.0 0 0 100 6174015488 6109590936 6174015488
34.40547818892796 1 0 2 1 0 0 1 6996 0 1000 4 1004 0.08421361132114377 4 0 0 0 0 0 0 0 0 0.0 0.0 0 0 100 6174015488 6109590936 6174015488
48.451400535423 1 0 2 1 0 0 1 6994 0 1000 6 1006 0.1423900795307381 6 0 0 0 0 0 0 0 0 0.0 0.0 0 0 100 6174015488 6109590936 6174015488
52.424585311063794 1 0 2 1 0 0 1 6993 0 1000 7 1007 0.2516872626037685 7 0 0 0 0 0 0 0 0 0.0 0.0 0 0 100 6174015488 6109590936 6174015488
57.98569389590217 1 0 2 1 0 0 1 6992 0 1000 8 1008 0.17982026150799618 8 0 0 0 0 0 0 0 0 0.0 0.0 0 0 100 6174015488 6109590936 6174015488
63.307760854245316 1 0 2 1 0 0 1 6991 0 1000 9 1009 0.1878969219717067 9 0 0 0 0 0 0 0 0 0.0 0.0 0 0 100 6174015488 6109590936 6174015488
92.29588718541397 1 0 2 1 0 0 1 6990 0 1000 10 1010 0.03449688291598131 10 0 0 0 0 0 0 0 0 0.0 0.0 0 0 100 6174015488 6109590936 6174015488
119.64882740916666 1 0 2 1 0 0 1 6988 0 1000 12 1012 0.07311828211664224 12 0 0 0 0 0 0 0 0 0.0 0.0 0 0 100 6174015488 6109590936 6174015488
138.79527015374862 1 0 2 1 0 0 1 6985 0 1000 15 1015 0.15668706923895492 15 0 0 0 0 0 0 0 0 0.0 0.0 0 0 100 6174015488 6109590936 6174015488
184.56370402739168 1 0 2 1 0 0 1 6982 0 1000 18 1018 0.06554735974323185 18 0 0 0 0 0 0 0 0 0.0 0.0 0 0 100 6174015488 6109590936 6174015488
199.6905244777202 1 0 2 1 0 0 1 6978 0 1000 22 1022 0.2644309829110934 22 0 0 0 0 0 0 0 0 0.0 0.0 0 0 100 6174015488 6109590936 6174015488
220.96226963936752 1 0 2 1 0 0 1 6974 0 1000 26 1026 0.18804286952496727 26 0 0 0 0 0 0 0 0 0.0 0.0 0 0 100 6174015488 6109590936 6174015488
237.26292010109665 1 0 2 1 0 0 1 6970 0 1000 30 1030 0.24538898060486905 30 0 0 0 0 0 0 0 0 0.0 0.0 0 0 100 6174015488 6109590936 6174015488
259.5588489163968 1 0 2 1 0 0 1 6966 0 1000 34 1034 0.17940495025509212 34 0 0 0 0 0 0 0 0 0.0 0.0 0 0 100 6174015488 6109590936 6174015488
299.36042398389424 1 0 2 1 0 0 1 6961 0 1000 39 1039 0.12562316922184008 39 0 0 0 0 0 0 0 0 0.0 0.0 0 0 100 6174015488 6109590936 6174015488
329.9492377568713 1 0 2 1 0 0 1 6957 0 1000 43 1043 0.13076675773330257 43 0 0 0 0 0 0 0 0 0.0 0.0 0 0 100 6174015488 6109590936 6174015488
395.6392746619141 1 0 2 1 0 0 1 6950 0 1000 50 1050 0.10656106054741207 50 0 0 0 0 0 0 0 0 0.0 0.0 0 0 100 6174015488 6109590936 6174015488
449.3383711603404 1 0 2 1 0 0 1 6943 0 1000 57 1057 0.1303560107422877 57 0 0 0 0 0 0 0 0 0.0 0.0 0 0 100 6174015488 6109590936 6174015488
589.059667649137 1 0 2 1 0 0 1 6928 0 999 73 1072 0.11451368117875241 73 0 0 0 0 0 0 0 0 0.0 0.0 0 0 100 6174015488 6109590936 6174015488
749.215068731922 1 0 2 1 0 0 1 6907 0 1000 93 1093 0.12487871070712081 93 0 0 0 0 0 0 0 0 0.0 0.0 0 0 100 6174015488 6109590936 6174015488
926.6485816869967 1 0 2 1 0 0 1 6888 0 999 112 1112 0.1070823638869772 112 0 0 0 0 0 0 0 0 0.0 0.0 0 0 100 6174015488 6109590936 6174015488
1138.7758891675037 1 0 2 1 0 0 1 6869 0 1000 131 1131 0.0895688547866284 131 0 0 0 0 0 0 0 0 0.0 0.0 0 0 100 6174015488 6109590936 6174015488
1272.534742468403 1 0 2 1 0 0 1 6849 0 1000 151 1151 0.1495228129311836 151 0 0 0 0 0 0 0 0 0.0 0.0 0 0 100 6174015488 6109590936 6174015488
1516.8186898839085 1 0 2 1 0 0 1 6830 0 1000 170 1170 0.07777834033311518 170 0 0 0 0 0 0 0 0 0.0 0.0 0 0 100 6174015488 6109590936 6174015488
1701.9157673110117 1 0 2 1 0 0 1 6811 0 1000 189 1189 0.10264883845874215 189 0 0 0 0 0 0 0 0 0.0 0.0 0 0 100 6174015488 6109590936 6174015488
1816.8011325876043 1 0 2 1 0 0 1 6792 0 1000 208 1208 0.1653822482459492 208 0 0 0 0 0 0 0 0 0.0 0.0 0 0 100 6174015488 6109590936 6174015488
2001.8548424178905 1 0 2 1 0 0 1 6768 0 1000 232 1231 0.12969207708405597 232 0 0 0 0 0 0 0 0 0.0 0.0 0 0 100 6174015488 6109590936 6174015488
2161.6762168931364 1 0 2 1 0 0 1 6749 0 999 252 1251 0.12513970716162076 252 0 0 0 0 0 0 0 0 0.0 0.0 0 0 100 6174015488 6109590936 6174015488
2357.7440999663786 1 0 2 1 0 0 1 6725 0 999 276 1275 0.12240658502460941 276 0 0 0 0 0 0 0 0 0.0 0.0 0 0 100 6174015488 6109590936 6174015488
2515.398896352573 1 0 2 1 0 0 1 6700 0 1000 300 1300 0.152231334219665 300 0 0 0 0 0 0 0 0 0.0 0.0 0 0 100 6174015488 6109590936 6174015488
2681.4609084396143 1 0 2 1 0 0 1 6677 0 999 324 1323 0.14452432376539207 324 0 0 0 0 0 0 0 0 0.0 0.0 0 0 100 6174015488 6109590936 6174015488
2892.7931114290973 1 0 2 1 0 0 1 6654 0 1000 346 1346 0.10410150317268417 346 0 0 0 0 0 0 0 0 0.0 0.0 0 0 100 6174015488 6109590936 6174015488
3058.128722579681 1 0 2 1 0 0 1 6632 0 1000 369 1368 0.1391109866769849 369 0 0 0 0 0 0 0 0 0.0 0.0 0 0 100 6174015488 6109590936 6174015488
3308.5360240929467 1 0 2 1 0 0 1 6608 0 999 392 1392 0.09185035684265594 392 0 0 0 0 0 0 0 0 0.0 0.0 0 0 100 6174015488 6109590936 6174015488
3420.7037225898807 1 0 2 1 0 0 1 6588 0 1000 412 1412 0.17830445188769456 412 0 0 0 0 0 0 0 0 0.0 0.0 0 0 100 6174015488 6109590936 6174015488
3563.406714392074 1 0 2 1 0 0 1 6565 0 1000 435 1435 0.1611739159041691 435 0 0 0 0 0 0 0 0 0.0 0.0 0 0 100 6174015488 6109590936 6174015488
3717.958919588113 1 0 2 1 0 0 1 6543 0 999 458 1457 0.14881702898270535 458 0 0 0 0 0 0 0 0 0.0 0.0 0 0 100 6174015488 6109590936 6174015488
3895.6026707197266 1 0 2 1 0 0 1 6520 0 1000 480 1480 0.12384336549896732 480 0 0 0 0 0 0 0 0 0.0 0.0 0 0 100 6174015488 6109590936 6174015488
3999.906660869572 1 0 2 1 0 0 1 6496 0 1000 504 1504 0.2300966623186807 504 0 0 0 0 0 0 0 0 0.0 0.0 0 0 100 6174015488 6109590936 6174015488
4135.56976055724 1 0 2 1 0 0 1 6475 0 999 526 1525 0.16216642587888458 526 0 0 0 0 0 0 0 0 0.0 0.0 0 0 100 6174015488 6109590936 6174015488
4270.453932799232 1 0 2 1 0 0 1 6452 0 999 549 1548 0.17051667084212432 549 0 0 0 0 0 0 0 0 0.0 0.0 0 0 100 6174015488 6109590936 6174015488
4492.809597784722 1 0 2 1 0 0 1 6429 0 999 572 1571 0.10343788633179547 572 0 0 0 0 0 0 0 0 0.0 0.0 0 0 100 6174015488 6109590936 6174015488
4594.338355287223 1 0 2 1 0 0 1 6406 0 999 595 1594 0.22653680164886844 595 0 0 0 0 0 0 0 0 0.0 0.0 0 0 100 6174015488 6109590936 6174015488
4712.217550535689 1 0 2 1 0 0 1 6384 0 1000 616 1616 0.17814848460524457 616 0 0 0 0 0 0 0 0 0.0 0.0 0 0 100 6174015488 6109590936 6174015488
4829.863179735631 1 0 2 1 0 0 1 6367 0 1000 633 1633 0.14450175595650921 633 0 0 0 0 0 0 0 0 0.0 0.0 0 0 100 6174015488 6109590936 6174015488
4915.475175815251 1 0 2 1 0 0 1 6347 0 1000 653 1653 0.23361212114946966 653 0 0 0 0 0 0 0 0 0.0 0.0 0 0 100 6174015488 6109590936 6174015488
5045.970044731963 1 0 2 1 0 0 1 6329 0 1000 671 1671 0.13793645795750345 671 0 0 0 0 0 0 0 0 0.0 0.0 0 0 100 6174015488 6109590936 6174015488
5127.3705257933725 1 0 2 1 0 0 1 6307 0 1000 693 1693 0.2702686730242158 693 0 0 0 0 0 0 0 0 0.0 0.0 0 0 100 6174015488 6109590936 6174015488
5299.454993363032 1 0 2 1 0 0 1 6288 0 1000 712 1712 0.11041089453531762 712 0 0 0 0 0 0 0 0 0.0 0.0 0 0 100 6174015488 6109590936 6174015488
5461.125485589559 1 0 2 1 0 0 1 6267 0 999 734 1733 0.13607925414845945 734 0 0 0 0 0 0 0 0 0.0 0.0 0 0 100 6174015488 6109590936 6174015488
5565.445956201258 1 0 2 1 0 0 1 6249 0 1000 751 1751 0.16295938755181832 751 0 0 0 0 0 0 0 0 0.0 0.0 0 0 100 6174015488 6109590936 6174015488
5668.980330550286 1 0 2 1 0 0 1 6232 0 999 768 1768 0.16419667484241215 768 0 0 0 0 0 0 0 0 0.0 0.0 0 0 100 6174015488 6109590936 6174015488
5759.297231181789 1 0 2 1 0 0 1 6214 0 1000 786 1786 0.19929824732849089 786 0 0 0 0 0 0 0 0 0.0 0.0 0 0 100 6174015488 6109590936 6174015488
5909.713002223084 1 0 2 1 0 0 1 6191 0 1000 809 1809 0.152909497726044 809 0 0 0 0 0 0 0 0 0.0 0.0 0 0 100 6174015488 6109590936 6174015488
5991.986684345332 1 0 2 1 0 0 1 6168 0 1000 832 1832 0.27955476656344386 832 0 0 0 0 0 0 0 0 0.0 0.0 0 0 100 6174015488 6109590936 6174015488
6119.924752446491 1 0 2 1 0 0 1 6147 0 999 853 1853 0.16414191891185648 853 0 0 0 0 0 0 0 0 0.0 0.0 0 0 100 6174015488 6109590936 6174015488
6211.234615800745 1 0 2 1 0 0 1 6126 0 1000 874 1874 0.2299861069611559 874 0 0 0 0 0 0 0 0 0.0 0.0 0 0 100 6174015488 6109590936 6174015488
6359.351427829931 1 0 2 1 0 0 1 6104 0 1000 896 1896 0.1485314171875707 896 0 0 0 0 0 0 0 0 0.0 0.0 0 0 100 6174015488 6109590936 6174015488
6531.082939713511 1 0 2 1 0 0 1 6083 0 999 917 1917 0.12228390567152428 917 0 0 0 0 0 0 0 0 0.0 0.0 0 0 100 6174015488 6109590936 6174015488
6639.8937982687075 1 0 2 1 0 0 1 6060 0 1000 940 1940 0.21137596289007154 940 0 0 0 0 0 0 0 0 0.0 0.0 0 0 100 6174015488 6109590936 6174015488
6729.651623630462 1 0 2 1 0 0 1 6037 0 999 963 1963 0.2562450672941563 963 0 0 0 0 0 0 0 0 0.0 0.0 0 0 100 6174015488 6109590936 6174015488
6854.809868330568 1 0 2 1 0 0 1 6014 0 1000 986 1986 0.18376735831595278 986 0 0 0 0 0 0 0 0 0.0 0.0 0 0 100 6174015488 6109590936 6174015488
6977.865464273929 1 0 2 1 0 0 1 5996 0 1000 1004 2004 0.14627534702513517 1004 0 0 0 0 0 0 0 0 0.0 0.0 0 0 100 6174015488 6109590936 6174015488
7092.726769048013 1 0 2 1 0 0 1 5977 0 1000 1023 2023 0.16541689159260706 1023 0 0 0 0 0 0 0 0 0.0 0.0 0 0 100 6174015488 6109590936 6174015488
7206.0844112119275 1 0 2 1 0 0 1 5957 0 1000 1043 2042 0.17643274523194571 1043 0 0 0 0 0 0 0 0 0.0 0.0 0 0 100 6174015488 6109590936 6174015488
7353.869986563798 1 0 2 1 0 0 1 5939 0 999 1062 2061 0.12856464478865326 1062 0 0 0 0 0 0 0 0 0.0 0.0 0 0 100 6174015488 6109590936 6174015488
7439.732268697997 1 0 2 1 0 0 1 5919 0 1000 1081 2081 0.2212845911817705 1081 0 0 0 0 0 0 0 0 0.0 0.0 0 0 100 6174015488 6109590936 6174015488
7497.912972723126 1 0 2 1 0 0 1 5901 0 1000 1099 2099 0.30938092451108257 1099 0 0 0 0 0 0 0 0 0.0 0.0 0 0 100 6174015488 6109590936 6174015488
7569.927677306723 1 0 2 1 0 0 1 5881 0 1000 1119 2119 0.27772105871493546 1119 0 0 0 0 0 0 0 0 0.0 0.0 0 0 100 6174015488 6109590936 6174015488
7652.616886679567 1 0 2 1 0 0 1 5861 0 1000 1139 2139 0.2418695274956668 1139 0 0 0 0 0 0 0 0 0.0 0.0 0 0 100 6174015488 6109590936 6174015488
7753.612111721766 1 0 2 1 0 0 1 5841 0 1000 1159 2159 0.19802916416734856 1159 0 0 0 0 0 0 0 0 0.0 0.0 0 0 100 6174015488 6109590936 6174015488
7838.803062709783 1 0 2 1 0 0 1 5820 0 1000 1180 2180 0.24650505430974554 1180 0 0 0 0 0 0 0 0 0.0 0.0 0 0 100 6174015488 6109590936 6174015488
7890.914670201503 1 0 2 1 0 0 1 5802 0 1000 1198 2198 0.34541248804999986 1198 0 0 0 0 0 0 0 0 0.0 0.0 0 0 100 6174015488 6109590936 6174015488
7948.533489955891 1 0 2 1 0 0 1 5786 0 999 1215 2214 0.29504248911147435 1215 0 0 0 0 0 0 0 0 0.0 0.0 0 0 100 6174015488 6109590936 6174015488
8044.312430376067 1 0 2 1 0 0 1 5767 0 1000 1233 2233 0.18793275349502936 1233 0 0 0 0 0 0 0 0 0.0 0.0 0 0 100 6174015488 6109590936 6174015488
8135.250150418454 1 0 2 1 0 0 1 5743 0 1000 1257 2257 0.26391688717083933 1257 0 0 0 0 0 0 0 0 0.0 0.0 0 0 100 6174015488 6109590936 6174015488
8193.621229108536 1 0 2 1 0 0 1 5721 0 1000 1279 2279 0.3768989796609344 1279 0 0 0 0 0 0 0 0 0.0 0.0 0 0 100 6174015488 6109590936 6174015488
8308.155598507146 1 0 2 1 0 0 1 5701 0 999 1300 2299 0.18335107715060028 1300 0 0 0 0 0 0 0 0 0.0 0.0 0 0 100 6174015488 6109590936 6174015488
8382.868569266404 1 0 2 1 0 0 1 5684 0 1000 1316 2316 0.21415290862353323 1316 0 0 0 0 0 0 0 0 0.0 0.0 0 0 100 6174015488 6109590936 6174015488
8468.077339001202 1 0 2 1 0 0 1 5661 0 1000 1339 2339 0.26992526792236 1339 0 0 0 0 0 0 0 0 0.0 0.0 0 0 100 6174015488 6109590936 6174015488
8591.118361690284 1 0 2 1 0 0 1 5639 0 999 1362 2361 0.18692952559505138 1362 0 0 0 0 0 0 0 0 0.0 0.0 0 0 100 6174015488 6109590936 6174015488
8683.1197237181 1 0 2 1 0 0 1 5616 0 1000 1384 2383 0.23912689459258482 1384 0 0 0 0 0 0 0 0 0.0 0.0 0 0 100 6174015488 6109590936 6174015488
8771.067977363758 1 0 2 1 0 0 1 5594 0 1000 1406 2406 0.2501470931831985 1406 0 0 0 0 0 0 0 0 0.0 0.0 0 0 100 6174015488 6109590936 6174015488
8837.673694169676 1 0 2 1 0 0 1 5572 0 1000 1428 2428 0.33030197789336496 1428 0 0 0 0 0 0 0 0 0.0 0.0 0 0 100 6174015488 6109590936 6174015488
8905.234039251092 1 0 2 1 0 0 1 5554 0 1000 1446 2446 0.2664284792848298 1446 0 0 0 0 0 0 0 0 0.0 0.0 0 0 100 6174015488 6077378664 6174015488
8986.818136980235 1 0 2 1 0 0 1 5534 0 1000 1466 2466 0.24514581342064384 1466 0 0 0 0 0 0 0 0 0.0 0.0 0 0 100 6174015488 6077378664 6174015488
9066.130634573055 1 0 2 1 0 0 1 5512 0 1000 1488 2488 0.27738377516422474 1488 0 0 0 0 0 0 0 0 0.0 0.0 0 0 100 6174015488 6077378664 6174015488
9098.197776788269 1 0 2 1 0 0 1 5499 0 999 1502 2501 0.4365839620519094 1502 0 0 0 0 0 0 0 0 0.0 0.0 0 0 100 6174015488 6077378664 6174015488
9174.529345154644 1 0 2 1 0 0 1 5477 0 1000 1523 2523 0.27511553148239465 1523 0 0 0 0 0 0 0 0 0.0 0.0 0 0 100 6174015488 6077378664 6174015488
9275.312921784742 1 0 2 1 0 0 1 5455 0 1000 1545 2545 0.2182895342238725 1545 0 0 0 0 0 0 0 0 0.0 0.0 0 0 100 6174015488 6077378664 6174015488
9318.822240714995 1 0 2 1 0 0 1 5438 0 1000 1562 2562 0.39072089423535844 1562 0 0 0 0 0 0 0 0 0.0 0.0 0 0 100 6174015488 6077378664 6174015488
9445.37137307094 1 0 2 1 0 0 1 5419 0 1000 1581 2581 0.15013931463835406 1581 0 0 0 0 0 0 0 0 0.0 0.0 0 0 100 6174015488 6077378664 6174015488
9532.281467897648 1 0 2 1 0 0 1 5400 0 1000 1600 2600 0.2186167215429298 1600 0 0 0 0 0 0 0 0 0.0 0.0 0 0 100 6174015488 6077378664 6174015488
9614.933724770517 1 0 2 1 0 0 1 5381 0 1000 1619 2619 0.2298787803123728 1619 0 0 0 0 0 0 0 0 0.0 0.0 0 0 100 6174015488 6077378664 6174015488
9719.769429302989 1 0 2 1 0 0 1 5357 0 1000 1643 2643 0.22892963906744396 1643 0 0 0 0 0 0 0 0 0.0 0.0 0 0 100 6174015488 6077378664 6174015488
9792.762605528518 1 0 2 1 0 0 1 5335 0 1000 1665 2665 0.30139803660585957 1665 0 0 0 0 0 0 0 0 0.0 0.0 0 0 100 6174015488 6077378664 6174015488
9852.586817980266 1 0 2 1 0 0 1 5316 0 1000 1684 2684 0.31759716043608427 1684 0 0 0 0 0 0 0 0 0.0 0.0 0 0 100 6174015488 6077378664 6174015488
9934.132381198393 1 0 2 1 0 0 1 5296 0 999 1705 2704 0.2575247404181487 1705 0 0 0 0 0 0 0 0 0.0 0.0 0 0 100 6174015488 6077378664 6174015488
10004.977005283625 1 0 2 1 0 0 1 5273 0 1000 1727 2727 0.31053873577665164 1727 0 0 0 0 0 0 0 0 0.0 0.0 0 0 100 6174015488 6077378664 6174015488
10102.87108553918 1 0 2 1 0 0 1 5251 0 1000 1749 2749 0.22473269009288782 1749 0 0 0 0 0 0 0 0 0.0 0.0 0 0 100 6174015488 6077378664 6174015488
10203.129844200987 1 0 2 1 0 0 1 5236 0 1000 1764 2764 0.14961286375585497 1764 0 0 0 0 0 0 0 0 0.0 0.0 0 0 100 6174015488 6077378664 6174015488
10267.855254828919 1 0 2 1 0 0 1 5219 0 1000 1781 2781 0.2626480053981087 1781 0 0 0 0 0 0 0 0 0.0 0.0 0 0 100 6174015488 6077378664 6174015488
10374.033574055313 1 0 2 1 0 0 1 5202 0 1000 1798 2798 0.16010801568399796 1798 0 0 0 0 0 0 0 0 0.0 0.0 0 0 100 6174015488 6077378664 6174015488
10472.65173604009 1 0 2 1 0 0 1 5183 0 1000 1817 2817 0.19266228063480634 1817 0 0 0 0 0 0 0 0 0.0 0.0 0 0 100 6174015488 6077378664 6174015488
10637.35256774962 1 0 2 1 0 0 1 5164 0 999 1837 2836 0.12143229510384307 1837 0 0 0 0 0 0 0 0 0.0 0.0 0 0 100 6174015488 6077378664 6174015488
10730.786597743303 1 0 2 1 0 0 1 5145 0 1000 1855 2855 0.19264929492195687 1855 0 0 0 0 0 0 0 0 0.0 0.0 0 0 100 6174015488 6077378664 6174015488
10882.838906600484 1 0 2 1 0 0 1 5126 0 999 1874 2874 0.12495699764642347 1874 0 0 0 0 0 0 0 0 0.0 0.0 0 0 100 6174015488 6077378664 6174015488
10961.572602451939 1 0 2 1 0 0 1 5107 0 1000 1893 2893 0.24131980335137326 1893 0 0 0 0 0 0 0 0 0.0 0.0 0 0 100 6174015488 6077378664 6174015488
11067.369151698373 1 0 2 1 0 0 1 5088 0 999 1913 2912 0.18904208258639582 1913 0 0 0 0 0 0 0 0 0.0 0.0 0 0 100 6174015488 6077378664 6174015488
11167.078199816686 1 0 2 1 0 0 1 5069 0 1000 1931 2931 0.18052524158731803 1931 0 0 0 0 0 0 0 0 0.0 0.0 0 0 100 6174015488 6077378664 6174015488
11254.376471961 1 0 2 1 0 0 1 5051 0 1000 1949 2949 0.20618964794908823 1949 0 0 0 0 0 0 0 0 0.0 0.0 0 0 100 6174015488 6077378664 6174015488
11385.12442360484 1 0 2 1 0 0 1 5032 0 1000 1968 2968 0.14531776414942552 1968 0 0 0 0 0 0 0 0 0.0 0.0 0 0 100 6174015488 6077378664 6174015488
11484.627527306153 1 0 2 1 0 0 1 5013 0 1000 1987 2987 0.19094881760707752 1987 0 0 0 0 0 0 0 0 0.0 0.0 0 0 100 6174015488 6077378664 6174015488
11603.751727092987 1 0 2 1 0 0 1 4994 0 1000 2006 3006 0.15949739879889493 2006 0 0 0 0 0 0 0 0 0.0 0.0 0 0 100 6174015488 6077378664 6174015488
11730.891518083416 1 0 2 1 0 0 1 4974 0 1000 2026 3026 0.15730716437551587 2026 0 0 0 0 0 0 0 0 0.0 0.0 0 0 100 6174015488 6077378664 6174015488
11837.983825961897 1 0 2 1 0 0 1 4952 0 1000 2048 3048 0.20543025391668213 2048 0 0 0 0 0 0 0 0 0.0 0.0 0 0 100 6174015488 6077378664 6174015488
11958.6011773299 1 0 2 1 0 0 1 4931 0 1000 2069 3069 0.17410430391502468 2069 0 0 0 0 0 0 0 0 0.0 0.0 0 0 100 6174015488 6077378664 6174015488
12010.86459022293 1 0 2 1 0 0 1 4919 0 999 2081 3081 0.22960613047910003 2081 0 0 0 0 0 0 0 0 0.0 0.0 0 0 100 6174015488 6077378664 6174015488
12129.741211214145 1 0 2 1 0 0 1 4900 0 1000 2100 3099 0.1598295765944089 2100 0 0 0 0 0 0 0 0 0.0 0.0 0 0 100 6174015488 6077378664 6174015488
12254.71951823841 1 0 2 1 0 0 1 4881 0 1000 2119 3119 0.1520263832371415 2119 0 0 0 0 0 0 0 0 0.0 0.0 0 0 100 6174015488 6077378664 6174015488
12325.271907532018 1 0 2 1 0 0 1 4862 0 999 2139 3138 0.28347728829945834 2139 0 0 0 0 0 0 0 0 0.0 0.0 0 0 100 6174015488 6077378664 6174015488
12451.342657156174 1 0 2 1 0 0 1 4842 0 1000 2158 3158 0.15070902692847568 2158 0 0 0 0 0 0 0 0 0.0 0.0 0 0 100 6174015488 6077378664 6174015488
12558.366330477831 1 0 2 1 0 0 1 4823 0 1000 2177 3177 0.1775308154757122 2177 0 0 0 0 0 0 0 0 0.0 0.0 0 0 100 6174015488 6077378664 6174015488
12644.019987261614 1 0 2 1 0 0 1 4804 0 1000 2196 3196 0.22182357080167683 2196 0 0 0 0 0 0 0 0 0.0 0.0 0 0 100 6174015488 6077378664 6174015488
12730.26552374128 1 0 2 1 0 0 1 4785 0 1000 2215 3215 0.22030125587403118 2215 0 0 0 0 0 0 0 0 0.0 0.0 0 0 100 6174015488 6077378664 6174015488
12826.716470264497 1 0 2 1 0 0 1 4766 0 1000 2234 3234 0.19699132755971968 2234 0 0 0 0 0 0 0 0 0.0 0.0 0 0 100 6174015488 6077378664 6174015488
12923.16718158813 1 0 2 1 0 0 1 4746 0 1000 2254 3253 0.20735979782348807 2254 0 0 0 0 0 0 0 0 0.0 0.0 0 0 100 6174015488 6077378664 6174015488
13021.008582889219 1 0 2 1 0 0 1 4728 0 1000 2272 3272 0.18397119992801578 2272 0 0 0 0 0 0 0 0 0.0 0.0 0 0 100 6174015488 6077378664 6174015488
13154.710035987708 1 0 2 1 0 0 1 4708 0 1000 2292 3292 0.1495870054999877 2292 0 0 0 0 0 0 0 0 0.0 0.0 0 0 100 6174015488 6077378664 6174015488
13235.740507539786 1 0 2 1 0 0 1 4689 0 1000 2311 3311 0.234479691850106 2311 0 0 0 0 0 0 0 0 0.0 0.0 0 0 100 6174015488 6077378664 6174015488
13317.632400142746 1 0 2 1 0 0 1 4675 0 1000 2325 3325 0.17095709422514868 2325 0 0 0 0 0 0 0 0 0.0 0.0 0 0 100 6174015488 6077378664 6174015488
13383.739783849174 1 0 2 1 0 0 1 4657 0 1000 2343 3343 0.27228425919765414 2343 0 0 0 0 0 0 0 0 0.0 0.0 0 0 100 6174015488 6077378664 6174015488
13473.123214005314 1 0 2 1 0 0 1 4637 0 1000 2363 3363 0.22375511842701556 2363 0 0 0 0 0 0 0 0 0.0 0.0 0 0 100 6174015488 6077378664 6174015488
13587.06729391259 1 0 2 1 0 0 1 4617 0 999 2384 3383 0.18430093092233543 2384 0 0 0 0 0 0 0 0 0.0 0.0 0 0 100 6174015488 6077378664 6174015488
13706.906768540724 1 0 2 1 0 0 1 4600 0 1000 2400 3400 0.13351193377347975 2400 0 0 0 0 0 0 0 0 0.0 0.0 0 0 100 6174015488 6077378664 6174015488
13840.226253656048 1 0 2 1 0 0 1 4579 0 999 2422 3421 0.165017138949866 2422 0 0 0 0 0 0 0 0 0.0 0.0 0 0 100 6174015488 6077378664 6174015488
13977.860610343534 1 0 2 1 0 0 1 4558 0 1000 2442 3442 0.1453125548108039 2442 0 0 0 0 0 0 0 0 0.0 0.0 0 0 100 6174015488 6077378664 6174015488
14106.389555413934 1 0 2 1 0 0 1 4530 0 1000 2470 3470 0.2178497612709985 2470 0 0 0 0 0 0 0 0 0.0 0.0 0 0 100 6174015488 6077378664 6174015488
14200.31480357811 1 0 2 1 0 0 1 4504 0 1000 2496 3496 0.2768158776067693 2496 0 0 0 0 0 0 0 0 0.0 0.0 0 0 100 6174015488 6077378664 6174015488
14317.98101602518 1 0 2 1 0 0 1 4478 0 1000 2522 3522 0.22096402577499247 2522 0 0 0 0 0 0 0 0 0.0 0.0 0 0 100 6174015488 6077378664 6174015488
14493.818791224618 1 0 2 1 0 0 1 4454 0 999 2547 3546 0.1421765031526625 2547 0 0 0 0 0 0 0 0 0.0 0.0 0 0 100 6174015488 6077378664 6174015488
14595.926793070676 1 0 2 1 0 0 1 4427 0 1000 2573 3573 0.25463234545710356 2573 0 0 0 0 0 0 0 0 0.0 0.0 0 0 100 6174015488 6077378664 6174015488
14714.366108906093 1 0 2 1 0 0 1 4399 0 1000 2601 3601 0.23640798498792873 2601 0 0 0 0 0 0 0 0 0.0 0.0 0 0 100 6174015488 6077378664 6174015488
14845.68535893553 1 0 2 1 0 0 1 4372 0 1000 2628 3628 0.20560580412961196 2628 0 0 0 0 0 0 0 0 0.0 0.0 0 0 100 6174015488 6077378664 6174015488
15013.101515955012 1 0 2 1 0 0 1 4345 0 999 2656 3655 0.16724789589299818 2656 0 0 0 0 0 0 0 0 0.0 0.0 0 0 100 6174015488 6077378664 6174015488
15119.35824518538 1 0 2 1 0 0 1 4326 0 1000 2674 3674 0.16940103587204686 2674 0 0 0 0 0 0 0 0 0.0 0.0 0 0 100 6174015488 6077378664 6174015488
15183.414724650238 1 0 2 1 0 0 1 4306 0 1000 2694 3694 0.3122244645207543 2694 0 0 0 0 0 0 0 0 0.0 0.0 0 0 100 6174015488 6077378664 6174015488
15252.90076770182 1 0 2 1 0 0 1 4287 0 999 2714 3713 0.28782758553618193 2714 0 0 0 0 0 0 0 0 0.0 0.0 0 0 100 6174015488 6077378664 6174015488
15383.068505567382 1 0 2 1 0 0 1 4266 0 1000 2734 3734 0.1536479032973292 2734 0 0 0 0 0 0 0 0 0.0 0.0 0 0 100 6174015488 6077378664 6174015488
15501.807419178345 1 0 2 1 0 0 1 4245 0 999 2756 3755 0.18528045550493172 2756 0 0 0 0 0 0 0 0 0.0 0.0 0 0 100 6174015488 6077378664 6174015488
15557.693278460581 1 0 2 1 0 0 1 4225 0 1000 2775 3775 0.3399786680212916 2775 0 0 0 0 0 0 0 0 0.0 0.0 0 0 100 6174015488 6077378664 6174015488
15661.56355716605 1 0 2 1 0 0 1 4202 0 999 2799 3798 0.23105743335929413 2799 0 0 0 0 0 0 0 0 0.0 0.0 0 0 100 6174015488 6077378664 6174015488
15760.424004424873 1 0 2 1 0 0 1 4181 0 1000 2819 3819 0.2023053764630327 2819 0 0 0 0 0 0 0 0 0.0 0.0 0 0 100 6174015488 6077378664 6174015488
15866.62566645677 1 0 2 1 0 0 1 4163 0 1000 2837 3837 0.16948887291983966 2837 0 0 0 0 0 0 0 0 0.0 0.0 0 0 100 6174015488 6077378664 6174015488
15955.568336932021 1 0 2 1 0 0 1 4143 0 1000 2857 3857 0.22486394767700477 2857 0 0 0 0 0 0 0 0 0.0 0.0 0 0 100 6174015488 6077378664 6174015488
16077.061205051108 1 0 2 1 0 0 1 4121 0 1000 2879 3879 0.18108058802625102 2879 0 0 0 0 0 0 0 0 0.0 0.0 0 0 100 6174015488 6077378664 6174015488
16206.682355881254 1 0 2 1 0 0 1 4099 0 1000 2901 3901 0.16972538709233168 2901 0 0 0 0 0 0 0 0 0.0 0.0 0 0 100 6174015488 6077378664 6174015488
16317.084935794706 1 0 2 1 0 0 1 4078 0 1000 2922 3922 0.19021294625961158 2922 0 0 0 0 0 0 0 0 0.0 0.0 0 0 100 6174015488 6077378664 6174015488
16412.416721372094 1 0 2 1 0 0 1 4057 0 1000 2943 3943 0.2202832966235885 2943 0 0 0 0 0 0 0 0 0.0 0.0 0 0 100 6174015488 6077378664 6174015488
16505.45499818663 1 0 2 1 0 0 1 4038 0 999 2962 3962 0.20421702390162502 2962 0 0 0 0 0 0 0 0 0.0 0.0 0 0 100 6174015488 6045166392 6174015488
16634.052299629664 1 0 2 1 0 0 1 4018 0 999 2983 3982 0.16330047181668478 2983 0 0 0 0 0 0 0 0 0.0 0.0 0 0 100 6174015488 6045166392 6174015488
16692.250001174074 1 0 2 1 0 0 1 3998 0 1000 3002 4002 0.3264733743050202 3002 0 0 0 0 0 0 0 0 0.0 0.0 0 0 100 6174015488 6045166392 6174015488
16763.726840268668 1 0 2 1 0 0 1 3978 0 1000 3022 4022 0.2798109185204964 3022 0 0 0 0 0 0 0 0 0.0 0.0 0 0 100 6174015488 6045166392 6174015488
16859.0193297587 1 0 2 1 0 0 1 3959 0 1000 3041 4040 0.19938612268060815 3041 0 0 0 0 0 0 0 0 0.0 0.0 0 0 100 6174015488 6045166392 6174015488
16943.8916787904 1 0 2 1 0 0 1 3936 0 1000 3064 4064 0.2709952094221969 3064 0 0 0 0 0 0 0 0 0.0 0.0 0 0 100 6174015488 6045166392 6174015488
17043.750326823065 1 0 2 1 0 0 1 3917 0 999 3084 4083 0.20028310410790004 3084 0 0 0 0 0 0 0 0 0.0 0.0 0 0 100 6174015488 6045166392 6174015488
17124.06400964741 1 0 2 1 0 0 1 3895 0 1000 3105 4105 0.2614747482808075 3105 0 0 0 0 0 0 0 0 0.0 0.0 0 0 100 6174015488 6045166392 6174015488
17205.312176556738 1 0 2 1 0 0 1 3879 0 999 3122 4121 0.20923548981691711 3122 0 0 0 0 0 0 0 0 0.0 0.0 0 0 100 6174015488 6045166392 6174015488
17355.506227820373 1 0 2 1 0 0 1 3853 0 1000 3147 4147 0.16645133272367424 3147 0 0 0 0 0 0 0 0 0.0 0.0 0 0 100 6174015488 6045166392 6174015488
17464.66360352771 1 0 2 1 0 0 1 3836 0 1000 3164 4164 0.15573844543110554 3164 0 0 0 0 0 0 0 0 0.0 0.0 0 0 100 6174015488 6045166392 6174015488
17531.394247778848 1 0 2 1 0 0 1 3816 0 1000 3184 4184 0.29971237689136276 3184 0 0 0 0 0 0 0 0 0.0 0.0 0 0 100 6174015488 6045166392 6174015488
17603.46396823713 1 0 2 1 0 0 1 3796 0 1000 3204 4204 0.2775090547434113 3204 0 0 0 0 0 0 0 0 0.0 0.0 0 0 100 6174015488 6045166392 6174015488
17696.582904033574 1 0 2 1 0 0 1 3777 0 1000 3224 4223 0.21477908686284564 3224 0 0 0 0 0 0 0 0 0.0 0.0 0 0 100 6174015488 6045166392 6174015488
17817.542709653586 1 0 2 1 0 0 1 3757 0 1000 3243 4243 0.15707697199586576 3243 0 0 0 0 0 0 0 0 0.0 0.0 0 0 100 6174015488 6045166392 6174015488
17928.306149991327 1 0 2 1 0 0 1 3737 0 1000 3263 4263 0.18056499454166203 3263 0 0 0 0 0 0 0 0 0.0 0.0 0 0 100 6174015488 6045166392 6174015488
18046.05492576802 1 0 2 1 0 0 1 3718 0 999 3282 4282 0.16136048867321368 3282 0 0 0 0 0 0 0 0 0.0 0.0 0 0 100 6174015488 6045166392 6174015488
18139.8460168961 1 0 2 1 0 0 1 3696 0 1000 3304 4304 0.23456385606984326 3304 0 0 0 0 0 0 0 0 0.0 0.0 0 0 100 6174015488 6045166392 6174015488
18254.149334055655 1 0 2 1 0 0 1 3674 0 1000 3326 4326 0.19247035472549032 3326 0 0 0 0 0 0 0 0 0.0 0.0 0 0 100 6174015488 6045166392 6174015488
18358.35647272412 1 0 2 1 0 0 1 3652 0 999 3349 4348 0.22071424562547828 3349 0 0 0 0 0 0 0 0 0.0 0.0 0 0 100 6174015488 6045166392 6174015488
18468.878670363818 1 0 2 1 0 0 1 3629 0 1000 3371 4371 0.19905503572884184 3371 0 0 0 0 0 0 0 0 0.0 0.0 0 0 100 6174015488 6045166392 6174015488
18558.651162185437 1 0 2 1 0 0 1 3612 0 1000 3388 4388 0.1893675852707706 3388 0 0 0 0 0 0 0 0 0.0 0.0 0 0 100 6174015488 6045166392 6174015488
18656.790975917032 1 0 2 1 0 0 1 3592 0 1000 3408 4408 0.20379089015492116 3408 0 0 0 0 0 0 0 0 0.0 0.0 0 0 100 6174015488 6045166392 6174015488
18732.92219600629 1 0 2 1 0 0 1 3572 0 1000 3428 4427 0.2627043146891876 3428 0 0 0 0 0 0 0 0 0.0 0.0 0 0 100 6174015488 6045166392 6174015488
18834.87098121471 1 0 2 1 0 0 1 3553 0 1000 3447 4447 0.18636808630095109 3447 0 0 0 0 0 0 0 0 0.0 0.0 0 0 100 6174015488 6045166392 6174015488
18922.78014036923 1 0 2 1 0 0 1 3536 0 1000 3464 4464 0.19338144242875768 3464 0 0 0 0 0 0 0 0 0.0 0.0 0 0 100 6174015488 6045166392 6174015488
19036.4191666609 1 0 2 1 0 0 1 3516 0 1000 3484 4484 0.17599587617608514 3484 0 0 0 0 0 0 0 0 0.0 0.0 0 0 100 6174015488 6045166392 6174015488
19112.08822139406 1 0 2 1 0 0 1 3496 0 1000 3504 4504 0.26430883893724016 3504 0 0 0 0 0 0 0 0 0.0 0.0 0 0 100 6174015488 6045166392 6174015488
19192.338671849382 1 0 2 1 0 0 1 3477 0 1000 3523 4523 0.2367587956478572 3523 0 0 0 0 0 0 0 0 0.0 0.0 0 0 100 6174015488 6045166392 6174015488
19318.24224977905 1 0 2 1 0 0 1 3455 0 1000 3545 4545 0.17473689280132731 3545 0 0 0 0 0 0 0 0 0.0 0.0 0 0 100 6174015488 6045166392 6174015488
19414.016462584466 1 0 2 1 0 0 1 3436 0 1000 3564 4564 0.19838325415007274 3564 0 0 0 0 0 0 0 0 0.0 0.0 0 0 100 6174015488 6045166392 6174015488
19508.30957430256 1 0 2 1 0 0 1 3417 0 1000 3583 4582 0.2014993423570981 3583 0 0 0 0 0 0 0 0 0.0 0.0 0 0 100 6174015488 6045166392 6174015488
19602.175581941756 1 0 2 1 0 0 1 3399 0 999 3602 4601 0.20241619386894943 3602 0 0 0 0 0 0 0 0 0.0 0.0 0 0 100 6174015488 6045166392 6174015488
19696.699433366266 1 0 2 1 0 0 1 3380 0 999 3621 4620 0.20100746757207635 3621 0 0 0 0 0 0 0 0 0.0 0.0 0 0 100 6174015488 6045166392 6174015488
19808.13529236497 1 0 2 1 0 0 1 3359 0 1000 3641 4641 0.17947544156529455 3641 0 0 0 0 0 0 0 0 0.0 0.0 0 0 100 6174015488 6045166392 6174015488
19901.057296494677 1 0 2 1 0 0 1 3340 0 1000 3660 4660 0.204472559303372 3660 0 0 0 0 0 0 0 0 0.0 0.0 0 0 100 6174015488 6045166392 6174015488
19991.164067950238 1 0 2 1 0 0 1 3322 0 1000 3678 4678 0.19976301125023938 3678 0 0 0 0 0 0 0 0 0.0 0.0 0 0 100 6174015488 6045166392 6174015488
20083.12480210498 1 0 2 1 0 0 1 3302 0 1000 3698 4698 0.2174841271530754 3698 0 0 0 0 0 0 0 0 0.0 0.0 0 0 100 6174015488 6045166392 6174015488
20179.362540298487 1 0 2 1 0 0 1 3283 0 1000 3717 4717 0.19742774878807148 3717 0 0 0 0 0 0 0 0 0.0 0.0 0 0 100 6174015488 6045166392 6174015488
20240.074302912715 1 0 2 1 0 0 1 3263 0 1000 3737 4737 0.3294254546204348 3737 0 0 0 0 0 0 0 0 0.0 0.0 0 0 100 6174015488 6045166392 6174015488
20293.43609313901 1 0 2 1 0 0 1 3244 0 1000 3756 4756 0.3560600182157513 3756 0 0 0 0 0 0 0 0 0.0 0.0 0 0 100 6174015488 6045166392 6174015488
20427.177941719565 1 0 2 1 0 0 1 3225 0 1000 3775 4775 0.14206473292879715 3775 0 0 0 0 0 0 0 0 0.0 0.0 0 0 100 6174015488 6045166392 6174015488
20554.6611021191 1 0 2 1 0 0 1 3205 0 1000 3795 4794 0.15688346552846508 3795 0 0 0 0 0 0 0 0 0.0 0.0 0 0 100 6174015488 6045166392 6174015488
20656.518380385693 1 0 2 1 0 0 1 3186 0 1000 3814 4814 0.18653551639452517 3814 0 0 0 0 0 0 0 0 0.0 0.0 0 0 100 6174015488 6045166392 6174015488
20765.45419309143 1 0 2 1 0 0 1 3168 0 1000 3833 4832 0.17441463489443562 3833 0 0 0 0 0 0 0 0 0.0 0.0 0 0 100 6174015488 6045166392 6174015488
20869.67469478187 1 0 2 1 0 0 1 3149 0 1000 3851 4851 0.17271074028663588 3851 0 0 0 0 0 0 0 0 0.0 0.0 0 0 100 6174015488 6045166392 6174015488
20945.14843045042 1 0 2 1 0 0 1 3130 0 1000 3870 4870 0.25174320353559876 3870 0 0 0 0 0 0 0 0 0.0 0.0 0 0 100 6174015488 6045166392 6174015488
21062.586514415914 1 0 2 1 0 0 1 3110 0 1000 3890 4889 0.17030250600713379 3890 0 0 0 0 0 0 0 0 0.0 0.0 0 0 100 6174015488 6045166392 6174015488
21158.860527818586 1 0 2 1 0 0 1 3091 0 1000 3909 4909 0.1973533597330298 3909 0 0 0 0 0 0 0 0 0.0 0.0 0 0 100 6174015488 6045166392 6174015488
21238.877456683334 1 0 2 1 0 0 1 3071 0 1000 3929 4929 0.24994710849007623 3929 0 0 0 0 0 0 0 0 0.0 0.0 0 0 100 6174015488 6045166392 6174015488
21378.519548645294 1 0 2 1 0 0 1 3052 0 1000 3948 4948 0.136062126634252 3948 0 0 0 0 0 0 0 0 0.0 0.0 0 0 100 6174015488 6045166392 6174015488
21465.174817247665 1 0 2 1 0 0 1 3033 0 999 3968 4967 0.23079958463659597 3968 0 0 0 0 0 0 0 0 0.0 0.0 0 0 100 6174015488 6045166392 6174015488
21553.32829069858 1 0 2 1 0 0 1 3014 0 999 3987 4986 0.21553319745908184 3987 0 0 0 0 0 0 0 0 0.0 0.0 0 0 100 6174015488 6045166392 6174015488
21653.291269539237 1 0 2 1 0 0 1 2995 0 999 4006 5005 0.1900703662531555 4006 0 0 0 0 0 0 0 0 0.0 0.0 0 0 100 6174015488 6045166392 6174015488
21727.948271917987 1 0 2 1 0 0 1 2976 0 1000 4024 5024 0.241102635070752 4024 0 0 0 0 0 0 0 0 0.0 0.0 0 0 100 6174015488 6045166392 6174015488
21833.235101662172 1 0 2 1 0 0 1 2957 0 1000 4043 5043 0.18045941782238226 4043 0 0 0 0 0 0 0 0 0.0 0.0 0 0 100 6174015488 6045166392 6174015488
21915.35523885642 1 0 2 1 0 0 1 2939 0 999 4062 5061 0.2313683421528775 4062 0 0 0 0 0 0 0 0 0.0 0.0 0 0 100 6174015488 6045166392 6174015488
22008.606503391948 1 0 2 1 0 0 1 2920 0 999 4080 5080 0.19302687303658253 4080 0 0 0 0 0 0 0 0 0.0 0.0 0 0 100 6174015488 6045166392 6174015488
22061.22950344124 1 0 2 1 0 0 1 2905 0 1000 4095 5095 0.285046462306404 4095 0 0 0 0 0 0 0 0 0.0 0.0 0 0 100 6174015488 6045166392 6174015488
22143.632284813106 1 0 2 1 0 0 1 2889 0 1000 4111 5111 0.19416820322842182 4111 0 0 0 0 0 0 0 0 0.0 0.0 0 0 100 6174015488 6045166392 6174015488
22276.13904109862 1 0 2 1 0 0 1 2870 0 999 4131 5130 0.15093569988918631 4131 0 0 0 0 0 0 0 0 0.0 0.0 0 0 100 6174015488 6045166392 6174015488
22375.617815485664 1 0 2 1 0 0 1 2851 0 1000 4149 5149 0.18094312189620557 4149 0 0 0 0 0 0 0 0 0.0 0.0 0 0 100 6174015488 6045166392 6174015488
22506.249099190656 1 0 2 1 0 0 1 2831 0 1000 4169 5168 0.15310268285479417 4169 0 0 0 0 0 0 0 0 0.0 0.0 0 0 100 6174015488 6045166392 6174015488
22640.214570532007 1 0 2 1 0 0 1 2813 0 1000 4187 5187 0.13436298039914368 4187 0 0 0 0 0 0 0 0 0.0 0.0 0 0 100 6174015488 6045166392 6174015488
22710.3967279083 1 0 2 1 0 0 1 2794 0 1000 4206 5205 0.2707240801693835 4206 0 0 0 0 0 0 0 0 0.0 0.0 0 0 100 6174015488 6045166392 6174015488
22824.99137021912 1 0 2 1 0 0 1 2775 0 1000 4225 5224 0.16580181775397324 4225 0 0 0 0 0 0 0 0 0.0 0.0 0 0 100 6174015488 6045166392 6174015488
22898.317631935697 1 0 2 1 0 0 1 2757 0 999 4244 5243 0.2591158959315159 4244 0 0 0 0 0 0 0 0 0.0 0.0 0 0 100 6174015488 6045166392 6174015488
22965.236132170907 1 0 2 1 0 0 1 2738 0 1000 4262 5262 0.26898391232218877 4262 0 0 0 0 0 0 0 0 0.0 0.0 0 0 100 6174015488 6045166392 6174015488
23088.730473750118 1 0 2 1 0 0 1 2719 0 1000 4281 5281 0.15385320296487498 4281 0 0 0 0 0 0 0 0 0.0 0.0 0 0 100 6174015488 6045166392 6174015488
23169.299673477704 1 0 2 1 0 0 1 2699 0 1000 4301 5301 0.24823381723564722 4301 0 0 0 0 0 0 0 0 0.0 0.0 0 0 100 6174015488 6045166392 6174015488
23301.607373434173 1 0 2 1 0 0 1 2680 0 1000 4320 5320 0.14360464286093125 4320 0 0 0 0 0 0 0 0 0.0 0.0 0 0 100 6174015488 6045166392 6174015488
23369.72551489831 1 0 2 1 0 0 1 2661 0 1000 4339 5339 0.2789271637718338 4339 0 0 0 0 0 0 0 0 0.0 0.0 0 0 100 6174015488 6045166392 6174015488
23478.304163981487 1 0 2 1 0 0 1 2641 0 1000 4359 5359 0.18419827626220306 4359 0 0 0 0 0 0 0 0 0.0 0.0 0 0 100 6174015488 6045166392 6174015488
23580.785764455177 1 0 2 1 0 0 1 2622 0 1000 4378 5378 0.1853991342072956 4378 0 0 0 0 0 0 0 0 0.0 0.0 0 0 100 6174015488 6045166392 6174015488
23704.830196976152 1 0 2 1 0 0 1 2604 0 1000 4396 5396 0.14510929377629467 4396 0 0 0 0 0 0 0 0 0.0 0.0 0 0 100 6174015488 6045166392 6174015488
23816.653852979496 1 0 2 1 0 0 1 2580 0 1000 4420 5420 0.21462363919922584 4420 0 0 0 0 0 0 0 0 0.0 0.0 0 0 100 6174015488 6045166392 6174015488
23907.78979935065 1 0 2 1 0 0 1 2558 0 1000 4442 5442 0.24139761396018974 4442 0 0 0 0 0 0 0 0 0.0 0.0 0 0 100 6174015488 6045166392 6174015488
24030.779781704077 1 0 2 1 0 0 1 2535 0 999 4465 5465 0.18700710057756012 4465 0 0 0 0 0 0 0 0 0.0 0.0 0 0 100 6174015488 6012954120 6174015488
24083.50845188307 1 0 2 1 0 0 1 2519 0 1000 4481 5481 0.30344023366579204 4481 0 0 0 0 0 0 0 0 0.0 0.0 0 0 100 6174015488 6012954120 6174015488
24153.419461023997 1 0 2 1 0 0 1 2500 0 1000 4500 5500 0.2717740772658504 4500 0 0 0 0 0 0 0 0 0.0 0.0 0 0 100 6174015488 6012954120 6174015488
24221.732540635832 1 0 2 1 0 0 1 2480 0 1000 4520 5520 0.2927697025758903 4520 0 0 0 0 0 0 0 0 0.0 0.0 0 0 100 6174015488 6012954120 6174015488
24342.199767815848 1 0 2 1 0 0 1 2460 0 1000 4540 5540 0.16602025686300378 4540 0 0 0 0 0 0 0 0 0.0 0.0 0 0 100 6174015488 6012954120 6174015488
24443.76014117483 1 0 2 1 0 0 1 2440 0 1000 4560 5560 0.19692720042793452 4560 0 0 0 0 0 0 0 0 0.0 0.0 0 0 100 6174015488 6012954120 6174015488
24538.85097522271 1 0 2 1 0 0 1 2420 0 1000 4580 5580 0.21032521378379382 4580 0 0 0 0 0 0 0 0 0.0 0.0 0 0 100 6174015488 6012954120 6174015488
24594.905990431496 1 0 2 1 0 0 1 2400 0 1000 4600 5600 0.3567923391958238 4600 0 0 0 0 0 0 0 0 0.0 0.0 0 0 100 6174015488 6012954120 6174015488
24727.27623619771 1 0 2 1 0 0 1 2379 0 1000 4621 5621 0.15864592438008365 4621 0 0 0 0 0 0 0 0 0.0 0.0 0 0 100 6174015488 6012954120 6174015488
24878.205391653904 1 0 2 1 0 0 1 2347 0 999 4653 5653 0.2120200030489663 4653 0 0 0 0 0 0 0 0 0.0 0.0 0 0 100 6174015488 6012954120 6174015488
24897.730892656346 1 0 2 1 0 0 1 2338 0 1000 4662 5662 0.46093567580543937 4662 0 0 0 0 0 0 0 0 0.0 0.0 0 0 100 6174015488 6012954120 6174015488
25060.83702610756 1 0 2 1 0 0 1 2313 0 1000 4687 5687 0.15327443224247198 4687 0 0 0 0 0 0 0 0 0.0 0.0 0 0 100 6174015488 6012954120 6174015488
25111.88328003578 1 0 2 1 0 0 1 2296 0 999 4704 5704 0.3330312940084702 4704 0 0 0 0 0 0 0 0 0.0 0.0 0 0 100 6174015488 6012954120 6174015488
25184.52831543938 1 0 2 1 0 0 1 2275 0 1000 4725 5725 0.289076877495192 4725 0 0 0 0 0 0 0 0 0.0 0.0 0 0 100 6174015488 6012954120 6174015488
25290.240023380273 1 0 2 1 0 0 1 2253 0 1000 4747 5747 0.2081131828113213 4747 0 0 0 0 0 0 0 0 0.0 0.0 0 0 100 6174015488 6012954120 6174015488
25437.730901104835 1 0 2 1 0 0 1 2233 0 1000 4767 5767 0.1356016067471634 4767 0 0 0 0 0 0 0 0 0.0 0.0 0 0 100 6174015488 6012954120 6174015488
25535.635990342926 1 0 2 1 0 0 1 2212 0 1000 4788 5788 0.21449344628991693 4788 0 0 0 0 0 0 0 0 0.0 0.0 0 0 100 6174015488 6012954120 6174015488
25609.690683009878 1 0 2 1 0 0 1 2191 0 1000 4809 5809 0.2835741969039527 4809 0 0 0 0 0 0 0 0 0.0 0.0 0 0 100 6174015488 6012954120 6174015488
25690.655117302966 1 0 2 1 0 0 1 2171 0 1000 4829 5829 0.24702204337772365 4829 0 0 0 0 0 0 0 0 0.0 0.0 0 0 100 6174015488 6012954120 6174015488
25794.433003861617 1 0 2 1 0 0 1 2151 0 1000 4849 5849 0.19271928407114672 4849 0 0 0 0 0 0 0 0 0.0 0.0 0 0 100 6174015488 6012954120 6174015488
25906.632785564518 1 0 2 1 0 0 1 2130 0 1000 4870 5870 0.18716613955281095 4870 0 0 0 0 0 0 0 0 0.0 0.0 0 0 100 6174015488 6012954120 6174015488
26001.860548385965 1 0 2 1 0 0 1 2105 0 1000 4895 5895 0.26252848181338945 4895 0 0 0 0 0 0 0 0 0.0 0.0 0 0 100 6174015488 6012954120 6174015488
26061.413960805614 1 0 2 1 0 0 1 2088 0 1000 4912 5912 0.2854580335415165 4912 0 0 0 0 0 0 0 0 0.0 0.0 0 0 100 6174015488 6012954120 6174015488
26168.21245813527 1 0 2 1 0 0 1 2067 0 1000 4933 5933 0.1966319800846939 4933 0 0 0 0 0 0 0 0 0.0 0.0 0 0 100 6174015488 6012954120 6174015488
26256.33249680254 1 0 2 1 0 0 1 2047 0 1000 4953 5953 0.22696313236444493 4953 0 0 0 0 0 0 0 0 0.0 0.0 0 0 100 6174015488 6012954120 6174015488
26390.382106355257 1 0 2 1 0 0 1 2026 0 1000 4974 5974 0.15665841974527792 4974 0 0 0 0 0 0 0 0 0.0 0.0 0 0 100 6174015488 6012954120 6174015488
26466.024346530554 1 0 2 1 0 0 1 2005 0 1000 4995 5994 0.2776226609806051 4995 0 0 0 0 0 0 0 0 0.0 0.0 0 0 100 6174015488 6012954120 6174015488
26483.335834975718 1 0 2 1 0 0 1 2575 0 1000 5001 6001 0.34659064811241075 5001 0 0 0 0 0 0 0 0 0.0 0.0 0 0 100 6174015488 6012954120 6174015488
26540.73867878819 1 0 2 1 0 0 1 3992 0 999 5009 6008 0.13936591758650202 5009 0 0 0 0 0 0 0 0 0.0 0.0 0 0 100 6174015488 6012954120 6174015488
26673.853498524066 1 0 2 1 0 0 1 3964 0 1000 5036 6036 0.20283241230069834 5036 0 0 0 0 0 0 0 0 0.0 0.0 0 0 100 6174015488 6012954120 6174015488
26700.479494473064 1 0 2 1 0 0 1 3956 0 1000 5044 6044 0.3004582444661963 5044 0 0 0 0 0 0 0 0 0.0 0.0 0 0 100 6174015488 6012954120 6174015488
27057.04721427881 1 0 2 1 0 0 1 3890 0 1000 5110 6110 0.18509807908566742 5110 0 0 0 0 0 0 0 0 0.0 0.0 0 0 100 6174015488 6012954120 6174015488
27065.578942222175 1 0 2 1 0 0 1 3886 0 1000 5114 6113 0.4688382032985962 5114 0 0 0 0 0 0 0 0 0.0 0.0 0 0 100 6174015488 6012954120 6174015488
27239.96835744139 1 0 2 1 0 0 1 3848 0 1000 5152 6152 0.21790313335377798 5152 0 0 0 0 0 0 0 0 0.0 0.0 0 0 100 6174015488 6012954120 6174015488
27341.330093230838 1 0 2 1 0 0 1 3830 0 1000 5170 6170 0.17758180500569104 5170 0 0 0 0 0 0 0 0 0.0 0.0 0 0 100 6174015488 6012954120 6174015488
27451.80548701389 1 0 2 1 0 0 1 3811 0 999 5190 6189 0.18103578828852188 5190 0 0 0 0 0 0 0 0 0.0 0.0 0 0 100 6174015488 6012954120 6174015488
27517.822480529325 1 0 2 1 0 0 1 3792 0 1000 5209 6208 0.28780468464620623 5209 0 0 0 0 0 0 0 0 0.0 0.0 0 0 100 6174015488 6012954120 6174015488
27607.40367813605 1 0 2 1 0 0 1 3769 0 1000 5231 6230 0.2455872503132154 5231 0 0 0 0 0 0 0 0 0.0 0.0 0 0 100 6174015488 6012954120 6174015488
27695.293178973003 1 0 2 1 0 0 1 3754 0 1000 5246 6246 0.17066884960271628 5246 0 0 0 0 0 0 0 0 0.0 0.0 0 0 100 6174015488 6012954120 6174015488
27784.73147984732 1 0 2 1 0 0 1 3735 0 1000 5265 6265 0.21243695166682225 5265 0 0 0 0 0 0 0 0 0.0 0.0 0 0 100 6174015488 6012954120 6174015488
27907.425833059628 1 0 2 1 0 0 1 3716 0 999 5285 6284 0.16300668674940905 5285 0 0 0 0 0 0 0 0 0.0 0.0 0 0 100 6174015488 6012954120 6174015488
28009.81375680765 1 0 2 1 0 0 1 3696 0 999 5305 6304 0.19533553633942582 5305 0 0 0 0 0 0 0 0 0.0 0.0 0 0 100 6174015488 6012954120 6174015488
28104.68443582692 1 0 2 1 0 0 1 3675 0 999 5326 6325 0.22135395484767748 5326 0 0 0 0 0 0 0 0 0.0 0.0 0 0 100 6174015488 6012954120 6174015488
28236.070839879736 1 0 2 1 0 0 1 3648 0 1000 5352 6352 0.19788957759699458 5352 0 0 0 0 0 0 0 0 0.0 0.0 0 0 100 6174015488 6012954120 6174015488
28293.06041669425 1 0 2 1 0 0 1 3635 0 1000 5365 6365 0.22811188864082102 5365 0 0 0 0 0 0 0 0 0.0 0.0 0 0 100 6174015488 6012954120 6174015488
28364.576213974913 1 0 2 1 0 0 1 3616 0 1000 5384 6384 0.26567556711190327 5384 0 0 0 0 0 0 0 0 0.0 0.0 0 0 100 6174015488 6012954120 6174015488
28471.681866295556 1 0 2 1 0 0 1 3596 0 999 5405 6404 0.19606808366315 5405 0 0 0 0 0 0 0 0 0.0 0.0 0 0 100 6174015488 6012954120 6174015488
28557.19923755728 1 0 2 1 0 0 1 3571 0 1000 5429 6429 0.28064473505094306 5429 0 0 0 0 0 0 0 0 0.0 0.0 0 0 100 6174015488 6012954120 6174015488
28644.60880199372 1 0 2 1 0 0 1 3553 0 1000 5447 6447 0.2059271215461664 5447 0 0 0 0 0 0 0 0 0.0 0.0 0 0 100 6174015488 6012954120 6174015488
28718.256876338026 1 0 2 1 0 0 1 3533 0 1000 5467 6467 0.271561750637221 5467 0 0 0 0 0 0 0 0 0.0 0.0 0 0 100 6174015488 6012954120 6174015488
28834.670568117483 1 0 2 1 0 0 1 3512 0 1000 5488 6488 0.18039115226913394 5488 0 0 0 0 0 0 0 0 0.0 0.0 0 0 100 6174015488 6012954120 6174015488
28937.211107152423 1 0 2 1 0 0 1 3493 0 1000 5507 6507 0.18529256993203214 5507 0 0 0 0 0 0 0 0 0.0 0.0 0 0 100 6174015488 6012954120 6174015488
29031.680829778907 1 0 2 1 0 0 1 3473 0 999 5527 6527 0.21170804194140025 5527 0 0 0 0 0 0 0 0 0.0 0.0 0 0 100 6174015488 6012954120 6174015488
29129.269189382154 1 0 2 1 0 0 1 3453 0 1000 5547 6547 0.20494247552998632 5547 0 0 0 0 0 0 0 0 0.0 0.0 0 0 100 6174015488 6012954120 6174015488
29245.922579611597 1 0 2 1 0 0 1 3437 0 1000 5563 6563 0.1371584655064883 5563 0 0 0 0 0 0 0 0 0.0 0.0 0 0 100 6174015488 6012954120 6174015488
29333.56118921638 1 0 2 1 0 0 1 3416 0 1000 5584 6584 0.2396204149598235 5584 0 0 0 0 0 0 0 0 0.0 0.0 0 0 100 6174015488 6012954120 6174015488
29458.76374035666 1 0 2 1 0 0 1 3396 0 1000 5604 6604 0.15974115397690003 5604 0 0 0 0 0 0 0 0 0.0 0.0 0 0 100 6174015488 6012954120 6174015488
29558.544448125216 1 0 2 1 0 0 1 3376 0 1000 5624 6624 0.2004395483582882 5624 0 0 0 0 0 0 0 0 0.0 0.0 0 0 100 6174015488 6012954120 6174015488
29677.641575134756 1 0 2 1 0 0 1 3356 0 1000 5644 6644 0.1679301634068637 5644 0 0 0 0 0 0 0 0 0.0 0.0 0 0 100 6174015488 6012954120 6174015488
29754.090154217174 1 0 2 1 0 0 1 3337 0 1000 5663 6663 0.24853306926105623 5663 0 0 0 0 0 0 0 0 0.0 0.0 0 0 100 6174015488 6012954120 6174015488
29840.022829319932 1 0 2 1 0 0 1 3318 0 1000 5682 6682 0.221103322773087 5682 0 0 0 0 0 0 0 0 0.0 0.0 0 0 100 6174015488 6012954120 6174015488
29984.663360789928 1 0 2 1 0 0 1 3293 0 999 5707 6707 0.1728422852565785 5707 0 0 0 0 0 0 0 0 0.0 0.0 0 0 100 6174015488 6012954120 6174015488
30020.146278717722 1 0 2 1 0 0 1 3278 0 1000 5722 6722 0.42273862680977586 5722 0 0 0 0 0 0 0 0 0.0 0.0 0 0 100 6174015488 6012954120 6174015488
30134.470111148807 1 0 2 1 0 0 1 3258 0 1000 5743 6742 0.18368873360380972 5743 0 0 0 0 0 0 0 0 0.0 0.0 0 0 100 6174015488 6012954120 6174015488
30198.391385483385 1 0 2 1 0 0 1 3238 0 1000 5762 6762 0.2972406322901176 5762 0 0 0 0 0 0 0 0 0.0 0.0 0 0 100 6174015488 6012954120 6174015488
30272.797340104065 1 0 2 1 0 0 1 3219 0 1000 5781 6781 0.25535590661878316 5781 0 0 0 0 0 0 0 0 0.0 0.0 0 0 100 6174015488 6012954120 6174015488
30372.79731976195 1 0 2 1 0 0 1 3199 0 999 5802 6801 0.21000004271845024 5802 0 0 0 0 0 0 0 0 0.0 0.0 0 0 100 6174015488 6012954120 6174015488
30430.830089732954 1 0 2 1 0 0 1 3186 0 999 5815 6814 0.2240113647254059 5815 0 0 0 0 0 0 0 0 0.0 0.0 0 0 100 6174015488 6012954120 6174015488
30539.498544991544 1 0 2 1 0 0 1 3166 0 1000 5834 6834 0.17484374793758786 5834 0 0 0 0 0 0 0 0 0.0 0.0 0 0 100 6174015488 6012954120 6174015488
30624.900764318176 1 0 2 1 0 0 1 3151 0 1000 5849 6849 0.17563946368455075 5849 0 0 0 0 0 0 0 0 0.0 0.0 0 0 100 6174015488 6012954120 6174015488
30736.036521324917 1 0 2 1 0 0 1 3131 0 1000 5869 6869 0.1799600825033014 5869 0 0 0 0 0 0 0 0 0.0 0.0 0 0 100 6174015488 6012954120 6174015488
30812.332616570107 1 0 2 1 0 0 1 3114 0 999 5886 6886 0.22281612113133226 5886 0 0 0 0 0 0 0 0 0.0 0.0 0 0 100 6174015488 6012954120 6174015488
30906.62500375997 1 0 2 1 0 0 1 3088 0 1000 5912 6912 0.2757380608855233 5912 0 0 0 0 0 0 0 0 0.0 0.0 0 0 100 6174015488 6012954120 6174015488
31025.13231916263 1 0 2 1 0 0 1 3062 0 1000 5938 6938 0.21939573866523443 5938 0 0 0 0 0 0 0 0 0.0 0.0 0 0 100 6174015488 6012954120 6174015488
31170.58741736012 1 0 2 1 0 0 1 3037 0 1000 5963 6963 0.17187434685896372 5963 0 0 0 0 0 0 0 0 0.0 0.0 0 0 100 6174015488 5980741848 6174015488
31229.03006365175 1 0 2 1 0 0 1 3020 0 1000 5980 6980 0.29088347428980915 5980 0 0 0 0 0 0 0 0 0.0 0.0 0 0 100 6174015488 5980741848 6174015488
31296.057991179867 1 0 2 1 0 0 1 3003 0 1000 5997 6997 0.25362562482435 5997 0 0 0 0 0 0 0 0 0.0 0.0 0 0 100 6174015488 5980741848 6174015488
31352.466450270276 1 0 2 1 0 0 1 2987 0 1000 6013 7013 0.2836454010267463 6013 0 0 0 0 0 0 0 0 0.0 0.0 0 0 100 6174015488 5980741848 6174015488
31409.015636422246 1 0 2 1 0 0 1 2972 0 1000 6028 7028 0.26525580685969935 6028 0 0 0 0 0 0 0 0 0.0 0.0 0 0 100 6174015488 5980741848 6174015488
31489.721645304522 1 0 2 1 0 0 1 2956 0 1000 6044 7044 0.1982504180492776 6044 0 0 0 0 0 0 0 0 0.0 0.0 0 0 100 6174015488 5980741848 6174015488
31555.93567988042 1 0 2 1 0 0 1 2939 0 1000 6061 7061 0.2567431528509891 6061 0 0 0 0 0 0 0 0 0.0 0.0 0 0 100 6174015488 5980741848 6174015488
31628.98239018576 1 0 2 1 0 0 1 2923 0 1000 6077 7077 0.2190379270075082 6077 0 0 0 0 0 0 0 0 0.0 0.0 0 0 100 6174015488 5980741848 6174015488
31714.01209710795 1 0 2 1 0 0 1 2907 0 1000 6093 7093 0.18816953014599594 6093 0 0 0 0 0 0 0 0 0.0 0.0 0 0 100 6174015488 5980741848 6174015488
31783.224571427418 1 0 2 1 0 0 1 2890 0 1000 6110 7110 0.2456204631773727 6110 0 0 0 0 0 0 0 0 0.0 0.0 0 0 100 6174015488 5980741848 6174015488
31885.195020195435 1 0 2 1 0 0 1 2873 0 1000 6127 7127 0.16671496698690594 6127 0 0 0 0 0 0 0 0 0.0 0.0 0 0 100 6174015488 5980741848 6174015488
31974.53817481203 1 0 2 1 0 0 1 2857 0 1000 6143 7143 0.17908478907714728 6143 0 0 0 0 0 0 0 0 0.0 0.0 0 0 100 6174015488 5980741848 6174015488
32060.61167440529 1 0 2 1 0 0 1 2841 0 1000 6159 7159 0.18588764341647904 6159 0 0 0 0 0 0 0 0 0.0 0.0 0 0 100 6174015488 5980741848 6174015488
32137.878339317907 1 0 2 1 0 0 1 2825 0 1000 6175 7175 0.20707506941181575 6175 0 0 0 0 0 0 0 0 0.0 0.0 0 0 100 6174015488 5980741848 6174015488
32245.622512057933 1 0 2 1 0 0 1 2800 0 1000 6200 7200 0.2320311100287731 6200 0 0 0 0 0 0 0 0 0.0 0.0 0 0 100 6174015488 5980741848 6174015488
32391.343511869207 1 0 2 1 0 0 1 2775 0 1000 6225 7225 0.17156072242420775 6225 0 0 0 0 0 0 0 0 0.0 0.0 0 0 100 6174015488 5980741848 6174015488
32554.72421770202 1 0 2 1 0 0 1 2749 0 999 6251 7251 0.15913751790621916 6251 0 0 0 0 0 0 0 0 0.0 0.0 0 0 100 6174015488 5980741848 6174015488
32703.886057317595 1 0 2 1 0 0 1 2725 0 999 6275 7275 0.16089906146138683 6275 0 0 0 0 0 0 0 0 0.0 0.0 0 0 100 6174015488 5980741848 6174015488
32784.592382215065 1 0 2 1 0 0 1 2701 0 1000 6299 7299 0.2973744626643549 6299 0 0 0 0 0 0 0 0 0.0 0.0 0 0 100 6174015488 5980741848 6174015488
32956.64761015758 1 0 2 1 0 0 1 2675 0 1000 6325 7325 0.15111426901068328 6325 0 0 0 0 0 0 0 0 0.0 0.0 0 0 100 6174015488 5980741848 6174015488
33062.808671321705 1 0 2 1 0 0 1 2651 0 1000 6349 7349 0.22607159100356514 6349 0 0 0 0 0 0 0 0 0.0 0.0 0 0 100 6174015488 5980741848 6174015488
33202.68068173395 1 0 2 1 0 0 1 2624 0 1000 6376 7376 0.19303361637844735 6376 0 0 0 0 0 0 0 0 0.0 0.0 0 0 100 6174015488 5980741848 6174015488
33349.15862218014 1 0 2 1 0 0 1 2595 0 1000 6405 7405 0.19798203000167003 6405 0 0 0 0 0 0 0 0 0.0 0.0 0 0 100 6174015488 5980741848 6174015488
33473.8373442168 1 0 2 1 0 0 1 2567 0 1000 6433 7433 0.22457721367858496 6433 0 0 0 0 0 0 0 0 0.0 0.0 0 0 100 6174015488 5980741848 6174015488
33641.55308783558 1 0 2 1 0 0 1 2537 0 1000 6463 7463 0.1788740839273317 6463 0 0 0 0 0 0 0 0 0.0 0.0 0 0 100 6174015488 5980741848 6174015488
33769.50563834555 1 0 2 1 0 0 1 2508 0 1000 6492 7492 0.22664651766937233 6492 0 0 0 0 0 0 0 0 0.0 0.0 0 0 100 6174015488 5980741848 6174015488
33923.29150872561 1 0 2 1 0 0 1 2478 0 1000 6522 7522 0.19507643924542206 6522 0 0 0 0 0 0 0 0 0.0 0.0 0 0 100 6174015488 5980741848 6174015488
34124.361400862486 1 0 2 1 0 0 1 2449 0 1000 6551 7551 0.14422845554748073 6551 0 0 0 0 0 0 0 0 0.0 0.0 0 0 100 6174015488 5980741848 6174015488
34280.07402768538 1 0 2 1 0 0 1 2420 0 1000 6580 7580 0.18624051621056917 6580 0 0 0 0 0 0 0 0 0.0 0.0 0 0 100 6174015488 5980741848 6174015488
34432.17889901269 1 0 2 1 0 0 1 2397 0 1000 6603 7603 0.15121146219247478 6603 0 0 0 0 0 0 0 0 0.0 0.0 0 0 100 6174015488 5980741848 6174015488
34595.309536779234 1 0 2 1 0 0 1 2364 0 1000 6636 7636 0.20229185916152578 6636 0 0 0 0 0 0 0 0 0.0 0.0 0 0 100 6174015488 5980741848 6174015488
34771.229963310885 1 0 2 1 0 0 1 2333 0 999 6667 7667 0.17621603477878423 6667 0 0 0 0 0 0 0 0 0.0 0.0 0 0 100 6174015488 5980741848 6174015488
34884.828374857105 1 0 2 1 0 0 1 2304 0 1000 6696 7696 0.25528525976087957 6696 0 0 0 0 0 0 0 0 0.0 0.0 0 0 100 6174015488 5980741848 6174015488
35022.617588690446 1 0 2 1 0 0 1 2276 0 1000 6724 7724 0.20320893937218204 6724 0 0 0 0 0 0 0 0 0.0 0.0 0 0 100 6174015488 5980741848 6174015488
35214.592301762525 1 0 2 1 0 0 1 2244 0 1000 6756 7756 0.166688620016248 6756 0 0 0 0 0 0 0 0 0.0 0.0 0 0 100 6174015488 5980741848 6174015488
35341.98926550852 1 0 2 1 0 0 1 2213 0 1000 6787 7787 0.24333389971371538 6787 0 0 0 0 0 0 0 0 0.0 0.0 0 0 100 6174015488 5980741848 6174015488
35482.953588269855 1 0 2 1 0 0 1 2189 0 1000 6811 7811 0.17025584580457462 6811 0 0 0 0 0 0 0 0 0.0 0.0 0 0 100 6174015488 5980741848 6174015488
35769.376529160756 1 0 2 1 0 0 1 2136 0 999 6865 7864 0.18853238442436293 6865 0 0 0 0 0 0 0 0 0.0 0.0 0 0 100 6174015488 5980741848 6174015488
35955.746712438726 1 0 2 1 0 0 1 2102 0 999 6899 7898 0.1824326155718227 6899 0 0 0 0 0 0 0 0 0.0 0.0 0 0 100 6174015488 5980741848 6174015488
36095.34008089289 1 0 2 1 0 0 1 2075 0 1000 6925 7925 0.18625526619150717 6925 0 0 0 0 0 0 0 0 0.0 0.0 0 0 100 6174015488 5980741848 6174015488
36252.81702402459 1 0 2 1 0 0 1 2044 0 999 6957 7956 0.20320435083146576 6957 0 0 0 0 0 0 0 0 0.0 0.0 0 0 100 6174015488 5980741848 6174015488
36353.866492797475 1 0 2 1 0 0 1 2026 0 999 6974 7974 0.16823443216914272 6974 0 0 0 0 0 0 0 0 0.0 0.0 0 0 100 6174015488 5980741848 6174015488
36458.41031373027 1 0 2 1 0 0 1 2003 0 1000 6997 7997 0.220003437742959 6997 0 0 0 0 0 0 0 0 0.0 0.0 0 0 100 6174015488 5980741848 6174015488
36540.12211399037 1 0 2 1 0 0 1 1986 0 1000 7014 8014 0.2080482861213069 7014 0 0 0 0 0 0 0 0 0.0 0.0 0 0 100 6174015488 5980741848 6174015488
36645.117413073574 1 0 2 1 0 0 1 1957 0 1000 7043 8043 0.27620284196742195 7043 0 0 0 0 0 0 0 0 0.0 0.0 0 0 100 6174015488 5980741848 6174015488
36780.72229254774 1 0 2 1 0 0 1 1928 0 1000 7072 8072 0.2138566112993366 7072 0 0 0 0 0 0 0 0 0.0 0.0 0 0 100 6174015488 5980741848 6174015488
36915.506178867436 1 0 2 1 0 0 1 1900 0 1000 7100 8100 0.20773996628637356 7100 0 0 0 0 0 0 0 0 0.0 0.0 0 0 100 6174015488 5980741848 6174015488
37025.56808125338 1 0 2 1 0 0 1 1872 0 1000 7128 8128 0.2544022899205772 7128 0 0 0 0 0 0 0 0 0.0 0.0 0 0 100 6174015488 5980741848 6174015488
37134.109279806624 1 0 2 1 0 0 1 1842 0 999 7159 8158 0.28560583827341895 7159 0 0 0 0 0 0 0 0 0.0 0.0 0 0 100 6174015488 5980741848 6174015488
37268.11198893545 1 0 2 1 0 0 1 1814 0 1000 7186 8186 0.2014884637447334 7186 0 0 0 0 0 0 0 0 0.0 0.0 0 0 100 6174015488 5980741848 6174015488
37374.3236785879 1 0 2 1 0 0 1 1785 0 1000 7215 8215 0.27303962581610436 7215 0 0 0 0 0 0 0 0 0.0 0.0 0 0 100 6174015488 5980741848 6174015488
37510.55026307493 1 0 2 1 0 0 1 1756 0 1000 7244 8244 0.2128806217171225 7244 0 0 0 0 0 0 0 0 0.0 0.0 0 0 100 6174015488 5980741848 6174015488
37666.80641640471 1 0 2 1 0 0 1 1729 0 1000 7271 8271 0.1727931951775152 7271 0 0 0 0 0 0 0 0 0.0 0.0 0 0 100 6174015488 5980741848 6174015488
37848.405416452646 1 0 2 1 0 0 1 1700 0 1000 7300 8300 0.15969250927783182 7300 0 0 0 0 0 0 0 0 0.0 0.0 0 0 100 6174015488 5980741848 6174015488
37971.25656405336 1 0 2 1 0 0 1 1671 0 1000 7329 8329 0.23605803092906583 7329 0 0 0 0 0 0 0 0 0.0 0.0 0 0 100 6174015488 5980741848 6174015488
38107.164169473916 1 0 2 1 0 0 1 1642 0 1000 7358 8358 0.21338025867103783 7358 0 0 0 0 0 0 0 0 0.0 0.0 0 0 100 6174015488 5980741848 6174015488
38230.667948428854 1 0 2 1 0 0 1 1612 0 1000 7388 8388 0.2429075470714602 7388 0 0 0 0 0 0 0 0 0.0 0.0 0 0 100 6174015488 5980741848 6174015488
38367.97934554902 1 0 2 1 0 0 1 1581 0 1000 7419 8419 0.22576421659209034 7419 0 0 0 0 0 0 0 0 0.0 0.0 0 0 100 6174015488 5980741848 6174015488
38488.43628121046 1 0 2 1 0 0 1 1552 0 1000 7448 8448 0.24074993972542114 7448 0 0 0 0 0 0 0 0 0.0 0.0 0 0 100 6174015488 5980741848 6174015488
38591.437933438945 1 0 2 1 0 0 1 1527 0 999 7474 8473 0.25242313533306115 7474 0 0 0 0 0 0 0 0 0.0 0.0 0 0 100 6174015488 5948529576 6174015488
38773.46990094066 1 0 2 1 0 0 1 1498 0 1000 7502 8502 0.1538191361895597 7502 0 0 0 0 0 0 0 0 0.0 0.0 0 0 100 6174015488 5948529576 6174015488
38889.23236997137 1 0 2 1 0 0 1 1469 0 1000 7531 8531 0.2505129705924623 7531 0 0 0 0 0 0 0 0 0.0 0.0 0 0 100 6174015488 5948529576 6174015488
38985.12304719723 1 0 2 1 0 0 1 1442 0 1000 7558 8558 0.281570646710561 7558 0 0 0 0 0 0 0 0 0.0 0.0 0 0 100 6174015488 5948529576 6174015488
39133.13846016193 1 0 2 1 0 0 1 1415 0 1000 7585 8585 0.18241343559565348 7585 0 0 0 0 0 0 0 0 0.0 0.0 0 0 100 6174015488 5948529576 6174015488
39249.78604726207 1 0 2 1 0 0 1 1391 0 1000 7609 8609 0.20574793355473966 7609 0 0 0 0 0 0 0 0 0.0 0.0 0 0 100 6174015488 5948529576 6174015488
39424.51160871758 1 0 2 1 0 0 1 1362 0 1000 7638 8638 0.165974570397269 7638 0 0 0 0 0 0 0 0 0.0 0.0 0 0 100 6174015488 5948529576 6174015488
39629.58130987352 1 0 2 1 0 0 1 1333 0 1000 7667 8667 0.14141533262364708 7667 0 0 0 0 0 0 0 0 0.0 0.0 0 0 100 6174015488 5948529576 6174015488
39789.58632984393 1 0 2 1 0 0 1 1304 0 1000 7696 8696 0.18124431349318806 7696 0 0 0 0 0 0 0 0 0.0 0.0 0 0 100 6174015488 5948529576 6174015488
39951.431046593745 1 0 2 1 0 0 1 1275 0 1000 7725 8725 0.17918410055256218 7725 0 0 0 0 0 0 0 0 0.0 0.0 0 0 100 6174015488 5948529576 6174015488
40056.99103082765 1 0 2 1 0 0 1 1251 0 1000 7749 8749 0.22735888200607499 7749 0 0 0 0 0 0 0 0 0.0 0.0 0 0 100 6174015488 5948529576 6174015488
40284.16055201772 1 0 2 1 0 0 1 1224 0 1000 7776 8776 0.1188539723927573 7776 0 0 0 0 0 0 0 0 0.0 0.0 0 0 100 6174015488 5948529576 6174015488
40451.61760348471 1 0 2 1 0 0 1 1195 0 1000 7805 8805 0.17317873297032563 7805 0 0 0 0 0 0 0 0 0.0 0.0 0 0 100 6174015488 5948529576 6174015488
40550.63525941653 1 0 2 1 0 0 1 1167 0 1000 7833 8833 0.28277785144984263 7833 0 0 0 0 0 0 0 0 0.0 0.0 0 0 100 6174015488 5948529576 6174015488
40714.87659975075 1 0 2 1 0 0 1 1139 0 1000 7861 8861 0.17048082987524105 7861 0 0 0 0 0 0 0 0 0.0 0.0 0 0 100 6174015488 5948529576 6174015488
40865.905975780996 1 0 2 1 0 0 1 1110 0 1000 7890 8890 0.19201562478939552 7890 0 0 0 0 0 0 0 0 0.0 0.0 0 0 100 6174015488 5948529576 6174015488
41020.3398211248 1 0 2 1 0 0 1 1081 0 1000 7919 8919 0.18778267118480235 7919 0 0 0 0 0 0 0 0 0.0 0.0 0 0 100 6174015488 5948529576 6174015488
41169.15882312795 1 0 2 1 0 0 1 1055 0 1000 7945 8945 0.17470887218722858 7945 0 0 0 0 0 0 0 0 0.0 0.0 0 0 100 6174015488 5948529576 6174015488
41245.04588159564 1 0 2 1 0 0 1 1027 0 999 7974 8973 0.38214684539853866 7974 0 0 0 0 0 0 0 0 0.0 0.0 0 0 100 6174015488 5948529576 6174015488
41436.19715908188 1 0 2 1 0 0 1 998 0 1000 8002 9001 0.1464808416047089 8002 0 0 0 0 0 0 0 0 0.0 0.0 0 0 100 6174015488 5948529576 6174015488
41575.417452831934 1 0 2 1 0 0 1 970 0 1000 8030 9030 0.201120104302243 8030 0 0 0 0 0 0 0 0 0.0 0.0 0 0 100 6174015488 5948529576 6174015488
41708.22631057217 1 0 2 1 0 0 1 940 0 1000 8060 9060 0.22588854772531303 8060 0 0 0 0 0 0 0 0 0.0 0.0 0 0 100 6174015488 5948529576 6174015488
41812.71748471673 1 0 2 1 0 0 1 912 0 1000 8088 9088 0.2679652155239697 8088 0 0 0 0 0 0 0 0 0.0 0.0 0 0 100 6174015488 5948529576 6174015488
41985.14183268301 1 0 2 1 0 0 1 883 0 1000 8117 9117 0.16818970372833866 8117 0 0 0 0 0 0 0 0 0.0 0.0 0 0 100 6174015488 5948529576 6174015488
42079.41772441074 1 0 2 1 0 0 1 855 0 1000 8145 9145 0.2970006380938185 8145 0 0 0 0 0 0 0 0 0.0 0.0 0 0 100 6174015488 5948529576 6174015488
42207.32415726753 1 0 2 1 0 0 1 828 0 1000 8172 9172 0.21109180669771496 8172 0 0 0 0 0 0 0 0 0.0 0.0 0 0 100 6174015488 5948529576 6174015488
42346.11493583398 1 0 2 1 0 0 1 802 0 1000 8198 9198 0.18733233049450568 8198 0 0 0 0 0 0 0 0 0.0 0.0 0 0 100 6174015488 5948529576 6174015488
42474.09433726114 1 0 2 1 0 0 1 779 0 1000 8221 9221 0.17971642110774882 8221 0 0 0 0 0 0 0 0 0.0 0.0 0 0 100 6174015488 5948529576 6174015488
42634.74816781026 1 0 2 1 0 0 1 751 0 999 8250 9249 0.18051234695665735 8250 0 0 0 0 0 0 0 0 0.0 0.0 0 0 100 6174015488 5948529576 6174015488
42737.318129633815 1 0 2 1 0 0 1 723 0 1000 8277 9277 0.2632349619711007 8277 0 0 0 0 0 0 0 0 0.0 0.0 0 0 100 6174015488 5948529576 6174015488
42880.242392702465 1 0 2 1 0 0 1 695 0 1000 8305 9305 0.19590795431669308 8305 0 0 0 0 0 0 0 0 0.0 0.0 0 0 100 6174015488 5948529576 6174015488
43110.22383882081 1 0 2 1 0 0 1 658 0 1000 8342 9342 0.16088254345943961 8342 0 0 0 0 0 0 0 0 0.0 0.0 0 0 100 6174015488 5948529576 6174015488
43288.696370101534 1 0 2 1 0 0 1 626 0 1000 8374 9374 0.1792993004042007 8374 0 0 0 0 0 0 0 0 0.0 0.0 0 0 100 6174015488 5948529576 6174015488
43426.465220055376 1 0 2 1 0 0 1 597 0 1000 8403 9403 0.21049751093745941 8403 0 0 0 0 0 0 0 0 0.0 0.0 0 0 100 6174015488 5948529576 6174015488
43594.766999715976 1 0 2 1 0 0 1 563 0 1000 8437 9437 0.20201806581347465 8437 0 0 0 0 0 0 0 0 0.0 0.0 0 0 100 6174015488 5948529576 6174015488
43758.61548512183 1 0 2 1 0 0 1 528 0 1000 8472 9472 0.21361198373793003 8472 0 0 0 0 0 0 0 0 0.0 0.0 0 0 100 6174015488 5948529576 6174015488
43886.90537881444 1 0 2 1 0 0 1 494 0 999 8507 9506 0.2728196196331951 8507 0 0 0 0 0 0 0 0 0.0 0.0 0 0 100 6174015488 5948529576 6174015488
44061.57975007034 1 0 2 1 0 0 1 458 0 1000 8542 9542 0.20037284089446558 8542 0 0 0 0 0 0 0 0 0.0 0.0 0 0 100 6174015488 5948529576 6174015488
44203.253982758026 1 0 2 1 0 0 1 431 0 1000 8569 9569 0.19057805705233952 8569 0 0 0 0 0 0 0 0 0.0 0.0 0 0 100 6174015488 5948529576 6174015488
44303.77574718347 1 0 2 1 0 0 1 406 0 999 8595 9594 0.25865045394506414 8595 0 0 0 0 0 0 0 0 0.0 0.0 0 0 100 6174015488 5948529576 6174015488
44460.04011659393 1 0 2 1 0 0 1 370 0 1000 8630 9630 0.22397940190744836 8630 0 0 0 0 0 0 0 0 0.0 0.0 0 0 100 6174015488 5948529576 6174015488
44623.14119719262 1 0 2 1 0 0 1 339 0 1000 8661 9661 0.1900661840265537 8661 0 0 0 0 0 0 0 0 0.0 0.0 0 0 100 6174015488 5948529576 6174015488
44773.502856549356 1 0 2 1 0 0 1 305 0 1000 8695 9695 0.2261214736885457 8695 0 0 0 0 0 0 0 0 0.0 0.0 0 0 100 6174015488 5948529576 6174015488
44918.40251102272 1 0 2 1 0 0 1 274 0 1000 8726 9726 0.21394115888452886 8726 0 0 0 0 0 0 0 0 0.0 0.0 0 0 100 6174015488 5948529576 6174015488
45051.603556246235 1 0 2 1 0 0 1 243 0 1000 8757 9757 0.23273090648787256 8757 0 0 0 0 0 0 0 0 0.0 0.0 0 0 100 6174015488 5948529576 6174015488
45189.40842022338 1 0 2 1 0 0 1 214 0 999 8787 9786 0.21769913727410742 8787 0 0 0 0 0 0 0 0 0.0 0.0 0 0 100 6174015488 5948529576 6174015488
45369.527531081694 1 0 2 1 0 0 1 180 0 1000 8820 9820 0.18321209694377383 8820 0 0 0 0 0 0 0 0 0.0 0.0 0 0 100 6174015488 5948529576 6174015488
45528.69738197087 1 0 2 1 0 0 1 145 0 1000 8855 9855 0.2198908889119247 8855 0 0 0 0 0 0 0 0 0.0 0.0 0 0 100 6174015488 5948529576 6174015488
45678.07505145041 1 0 2 1 0 0 1 110 0 1000 8890 9890 0.23430543616021796 8890 0 0 0 0 0 0 0 0 0.0 0.0 0 0 100 6174015488 5948529576 6174015488
45850.643129786295 1 0 2 1 0 0 1 75 0 1000 8925 9925 0.20281850697715093 8925 0 0 0 0 0 0 0 0 0.0 0.0 0 0 100 6174015488 5948529576 6174015488
46025.289068495884 1 0 2 1 0 0 1 39 0 1000 8961 9960 0.2061313321454486 8961 0 0 0 0 0 0 0 0 0.0 0.0 0 0 100 6174015488 5948529576 6174015488
46144.70065023883 1 0 2 1 0 0 1 4 0 1000 8996 9996 0.2931038973702136 8996 0 0 0 0 0 0 0 0 0.0 0.0 0 0 100 6174015488 5916317304 6174015488
48830.78428375194 1 0 2 1 0 0 1 0 0 555 9445 10000 0.16715786299354948 9445 0 0 0 0 0 0 0 0 0.0 0.0 0 0 100 6174015488 5916317304 6174015488
