		Memory Set Library Cache Test

C Size		Nanosec		MB/sec		% Chnge
-------		-------		-------		-------
256             0.07            14361.19        1.00           
256             0.07            14245.38        1.01           
384             0.05            20327.40        0.70           
384             0.05            20226.30        1.00           
512             0.04            24486.06        0.83           
512             0.04            24554.94        1.00           
768             0.03            29935.01        0.82           
768             0.03            30568.25        0.98           
1024            0.03            35163.67        0.87           
1024            0.03            35254.73        1.00           
1536            0.02            39986.51        0.88           
1536            0.02            40366.20        0.99           
2048            0.02            40892.13        0.99           
2048            0.02            40319.75        1.01           
3072            0.02            44786.16        0.90           
3072            0.02            44654.78        1.00           
4096            0.02            46764.46        0.95           
4096            0.02            47254.59        0.99           
6144            0.02            49979.09        0.95           
6144            0.02            49928.32        1.00           
8192            0.02            47358.98        1.05           
8192            0.02            47266.06        1.00           
12288           0.02            50106.69        0.94           
12288           0.02            50045.67        1.00           
16384           0.02            51424.69        0.97           
16384           0.02            51288.06        1.00           
24576           0.02            52904.65        0.97           
24576           0.02            52812.81        1.00           
32768           0.02            53744.43        0.98           
32768           0.02            53831.82        1.00           
49152           0.02            53108.37        1.01           
49152           0.02            53061.89        1.00           
65536           0.02            51051.97        1.04           
65536           0.02            50911.19        1.00           
98304           0.05            17873.95        2.85           
98304           0.05            17771.41        1.01           
131072          0.05            17783.74        1.00           
131072          0.05            17669.99        1.01           
196608          0.05            17791.54        0.99           
196608          0.05            17770.72        1.00           
262144          0.05            17811.39        1.00           
262144          0.05            17825.35        1.00           
393216          0.05            17821.11        1.00           
393216          0.05            17792.83        1.00           
524288          0.05            17825.72        1.00           
524288          0.05            17822.53        1.00           
786432          0.11            8642.49         2.06           
786432          0.11            8626.02         1.00           
1048576         0.11            8554.35         1.01           
1048576         0.11            8605.22         0.99           
1572864         0.12            8019.81         1.07           
1572864         0.12            7920.95         1.01           
2097152         0.14            7026.48         1.13           
2097152         0.13            7228.55         0.97           
3145728         0.15            6535.22         1.11           
3145728         0.14            6803.72         0.96           
4194304         0.15            6489.21         1.05           
4194304         0.15            6492.38         1.00           
6291456         0.15            6299.55         1.03           
6291456         0.15            6212.20         1.01           
8388608         0.16            6017.60         1.03           
8388608         0.16            6149.15         0.98           
12582912        0.15            6294.69         0.98           
12582912        0.16            6025.94         1.04           
16777216        0.16            5886.66         1.02           
16777216        0.16            6107.28         0.96           

		Memory Copy Library Cache Test

C Size		Nanosec		MB/sec		% Chnge
-------		-------		-------		-------
256             0.03            37924.11        1.00           
256             0.03            37977.13        1.00           
384             0.02            40484.96        0.94           
384             0.02            40185.11        1.01           
512             0.02            39206.68        1.02           
512             0.02            38771.22        1.01           
768             0.03            34558.83        1.12           
768             0.03            34468.39        1.00           
1024            0.03            34228.38        1.01           
1024            0.03            34826.55        0.98           
1536            0.02            49020.58        0.71           
1536            0.02            49157.06        1.00           
2048            0.02            48399.60        1.02           
2048            0.02            48368.54        1.00           
3072            0.02            50763.98        0.95           
3072            0.02            50748.35        1.00           
4096            0.02            52032.59        0.98           
4096            0.02            51990.26        1.00           
6144            0.02            53386.56        0.97           
6144            0.02            53443.51        1.00           
8192            0.02            54134.50        0.99           
8192            0.02            54104.95        1.00           
12288           0.02            54778.19        0.99           
12288           0.02            54767.92        1.00           
16384           0.03            32290.27        1.70           
16384           0.03            32284.01        1.00           
24576           0.02            43427.26        0.74           
24576           0.02            43429.19        1.00           
32768           0.02            43522.87        1.00           
32768           0.02            43516.23        1.00           
49152           0.04            24336.44        1.79           
49152           0.04            24349.62        1.00           
65536           0.04            22397.72        1.09           
65536           0.04            22352.35        1.00           
98304           0.04            21321.94        1.05           
98304           0.04            21313.89        1.00           
131072          0.05            20874.00        1.02           
131072          0.05            20868.37        1.00           
196608          0.05            20426.71        1.02           
196608          0.05            20409.30        1.00           
262144          0.07            14636.55        1.39           
262144          0.06            14677.13        1.00           
393216          0.11            8664.83         1.69           
393216          0.11            8672.67         1.00           
524288          0.11            8697.27         1.00           
524288          0.11            8694.48         1.00           
786432          0.11            8947.71         0.97           
786432          0.11            8979.97         1.00           
1048576         0.10            9165.09         0.98           
1048576         0.10            9138.03         1.00           
1572864         0.10            9324.50         0.98           
1572864         0.10            9321.72         1.00           
2097152         0.10            9480.60         0.98           
2097152         0.10            9384.62         1.01           
3145728         0.10            9542.16         0.98           
3145728         0.10            9483.24         1.01           
4194304         0.10            9673.34         0.98           
4194304         0.10            9670.64         1.00           
6291456         0.10            9691.59         1.00           
6291456         0.10            9497.85         1.02           
8388608         0.10            9749.05         0.97           
8388608         0.10            9736.55         1.00           
12582912        0.10            9792.30         0.99           
12582912        0.10            9736.33         1.01           
16777216        0.10            9755.09         1.00           
16777216        0.10            9159.97         1.06           

		double Read Cache Test

C Size		Nanosec		MB/sec		% Chnge
-------		-------		-------		-------
256             3.57            2136.59         1.00           
256             3.55            2150.53         0.99           
384             3.57            2138.36         1.01           
384             3.57            2138.54         1.00           
512             3.58            2134.05         1.00           
512             3.57            2135.05         1.00           
768             3.59            2127.98         1.00           
768             3.58            2128.47         1.00           
1024            3.59            2126.12         1.00           
1024            3.59            2125.08         1.00           
1536            3.59            2122.55         1.00           
1536            3.59            2122.22         1.00           
2048            3.60            2119.64         1.00           
2048            3.60            2121.11         1.00           
3072            3.60            2119.30         1.00           
3072            3.60            2117.85         1.00           
4096            3.61            2112.67         1.00           
4096            3.60            2118.23         1.00           
6144            3.60            2118.17         1.00           
6144            3.60            2117.33         1.00           
8192            3.61            2115.21         1.00           
8192            3.61            2115.56         1.00           
12288           3.64            2094.28         1.01           
12288           3.68            2073.76         1.01           
16384           3.70            2063.87         1.00           
16384           3.68            2073.19         1.00           
24576           3.68            2075.56         1.00           
24576           3.67            2076.57         1.00           
32768           3.68            2071.71         1.00           
32768           3.68            2071.54         1.00           
49152           3.60            2116.90         0.98           
49152           3.61            2114.06         1.00           
65536           3.64            2096.81         1.01           
65536           3.64            2095.49         1.00           
98304           3.81            2002.05         1.05           
98304           3.81            2003.99         1.00           
131072          3.81            2002.18         1.00           
131072          3.83            1989.55         1.01           
196608          3.87            1973.53         1.01           
196608          3.82            1994.94         0.99           
262144          3.82            1996.93         1.00           
262144          3.82            1996.73         1.00           
393216          3.82            1995.59         1.00           
393216          3.82            1995.24         1.00           
524288          3.86            1978.20         1.01           
524288          3.89            1962.18         1.01           
786432          3.80            2009.39         0.98           
786432          3.76            2027.35         0.99           
1048576         3.76            2028.03         1.00           
1048576         3.76            2030.56         1.00           
1572864         3.76            2030.13         1.00           
1572864         3.76            2029.40         1.00           
2097152         3.76            2030.07         1.00           
2097152         3.79            2015.06         1.01           
3145728         3.76            2028.28         0.99           
3145728         3.76            2030.41         1.00           
4194304         3.80            2007.36         1.01           
4194304         3.80            2005.79         1.00           
6291456         3.82            1995.87         1.00           
6291456         3.82            1998.16         1.00           
8388608         3.86            1977.71         1.01           
8388608         3.86            1978.82         1.00           
12582912        3.89            1959.09         1.01           
12582912        3.90            1954.33         1.00           
16777216        4.01            1900.35         1.03           
16777216        3.99            1913.42         0.99           

		double Write Cache Test

C Size		Nanosec		MB/sec		% Chnge
-------		-------		-------		-------
256             0.77            9848.56         1.00           
256             0.78            9745.48         1.01           
384             0.70            10945.01        0.89           
384             0.73            10457.88        1.05           
512             0.70            10833.62        0.97           
512             0.68            11200.75        0.97           
768             0.65            11759.09        0.95           
768             0.63            12034.96        0.98           
1024            0.60            12664.42        0.95           
1024            0.60            12737.78        0.99           
1536            0.58            13167.34        0.97           
1536            0.58            13156.72        1.00           
2048            0.57            13380.99        0.98           
2048            0.59            13024.68        1.03           
3072            0.57            13275.33        0.98           
3072            0.57            13433.33        0.99           
4096            0.56            13628.84        0.99           
4096            0.57            13500.50        1.01           
6144            0.57            13406.17        1.01           
6144            0.56            13587.44        0.99           
8192            0.56            13588.20        1.00           
8192            0.57            13316.68        1.02           
12288           0.56            13583.50        0.98           
12288           0.55            13910.29        0.98           
16384           0.55            13912.85        1.00           
16384           0.56            13503.44        1.03           
24576           0.57            13425.57        1.01           
24576           0.56            13687.24        0.98           
32768           0.56            13732.85        1.00           
32768           0.55            13953.44        0.98           
49152           0.55            13927.62        1.00           
49152           0.55            13945.09        1.00           
65536           0.55            13876.47        1.00           
65536           0.57            13491.06        1.03           
98304           0.57            13377.82        1.01           
98304           0.58            13241.63        1.01           
131072          0.59            13020.68        1.02           
131072          0.56            13604.82        0.96           
196608          0.58            13132.06        1.04           
196608          0.58            13263.69        0.99           
262144          0.57            13397.05        0.99           
262144          0.57            13502.20        0.99           
393216          0.56            13610.56        0.99           
393216          0.56            13637.22        1.00           
524288          0.56            13641.47        1.00           
524288          0.56            13631.31        1.00           
786432          0.88            8682.09         1.57           
786432          0.88            8681.88         1.00           
1048576         0.89            8591.36         1.01           
1048576         0.89            8586.35         1.00           
1572864         0.88            8633.70         0.99           
1572864         0.88            8644.87         1.00           
2097152         0.90            8518.90         1.01           
2097152         0.90            8508.51         1.00           
3145728         0.95            8070.25         1.05           
3145728         0.91            8426.86         0.96           
4194304         1.07            7161.77         1.18           
4194304         1.06            7190.26         1.00           
6291456         1.15            6641.71         1.08           
6291456         1.15            6619.54         1.00           
8388608         1.37            5559.69         1.19           
8388608         1.36            5611.69         0.99           
12582912        1.62            4716.31         1.19           
12582912        1.62            4718.62         1.00           
16777216        1.66            4591.41         1.03           
16777216        1.67            4559.34         1.01           

		double RMW Cache Test

C Size		Nanosec		MB/sec		% Chnge
-------		-------		-------		-------
256             0.43            17875.03        1.00           
256             0.44            17518.05        1.02           
384             0.40            19236.37        0.91           
384             0.41            18718.51        1.03           
512             0.38            19971.71        0.94           
512             0.38            19862.91        1.01           
768             0.36            21065.45        0.94           
768             0.36            20976.24        1.00           
1024            0.35            21513.47        0.98           
1024            0.36            21387.39        1.01           
1536            0.34            22366.10        0.96           
1536            0.35            21833.53        1.02           
2048            0.34            22203.54        0.98           
2048            0.35            22010.98        1.01           
3072            0.34            22305.22        0.99           
3072            0.34            22381.50        1.00           
4096            0.34            22401.01        1.00           
4096            0.35            21814.91        1.03           
6144            0.34            22525.39        0.97           
6144            0.35            21908.01        1.03           
8192            0.33            22840.18        0.96           
8192            0.34            22548.14        1.01           
12288           0.34            22440.67        1.00           
12288           0.34            22370.77        1.00           
16384           0.35            21844.67        1.02           
16384           0.33            23160.70        0.94           
24576           0.33            23050.81        1.00           
24576           0.33            22785.05        1.01           
32768           0.33            22841.86        1.00           
32768           0.32            23542.06        0.97           
49152           0.34            22344.92        1.05           
49152           0.37            20869.39        1.07           
65536           0.33            23325.24        0.89           
65536           0.32            23618.38        0.99           
98304           0.36            21458.06        1.10           
98304           0.36            21014.63        1.02           
131072          0.35            21613.52        0.97           
131072          0.35            21734.82        0.99           
196608          0.35            21540.71        1.01           
196608          0.31            24430.99        0.88           
262144          0.32            23783.68        1.03           
262144          0.36            20981.37        1.13           
393216          0.36            21136.72        0.99           
393216          0.35            21541.91        0.98           
524288          0.35            22075.21        0.98           
524288          0.35            21577.29        1.02           
786432          0.53            14514.79        1.49           
786432          0.51            15019.54        0.97           
1048576         0.52            14647.07        1.03           
1048576         0.54            14257.72        1.03           
1572864         0.54            14251.44        1.00           
1572864         0.54            14209.43        1.00           
2097152         0.54            14208.99        1.00           
2097152         0.54            14052.28        1.01           
3145728         0.55            13937.75        1.01           
3145728         0.54            14000.73        1.00           
