	Iozone: Performance Test of File I/O
	        Version $Revision: 3.398 $
		Compiled for 64 bit mode.
		Build: linux-AMD64 

	Contributors:William Norcott, Don Capps, Isom Crawford, Kirby Collins
	             Al Slater, Scott Rhine, Mike Wisner, Ken Goss
	             Steve Landherr, Brad Smith, Mark Kelly, Dr. Alain CYR,
	             Randy Dunlap, Mark Montague, Dan Million, Gavin Brebner,
	             Jean-Marc Zucconi, Jeff Blomberg, Benny Halevy, Dave Boone,
	             Erik Habbinga, Kris Strecker, Walter Wong, Joshua Root,
	             Fabrice Bacchella, Zhenghua Xue, Qin Li, Darren Sawyer.
	             Ben England.

	Run began: Fri Mar  2 14:50:19 2012

	Auto Mode
	Command line used: ./iozone -a
	Output is in Kbytes/sec
	Time Resolution = 0.000001 seconds.
	Processor cache size set to 1024 Kbytes.
	Processor cache line size set to 32 bytes.
	File stride size set to 17 * record size.
                                                            random  random    bkwd   record   stride                                   
              KB  reclen   write rewrite    read    reread    read   write    read  rewrite     read   fwrite frewrite   fread  freread
              64       4  287156  552557  1679761  1648808 1460430  653436  874936   727850  1204796   586352   598110  987600  1392258
              64       8  467002 1722886  1638743  1734015  969761  659861  926260   831569  1255511   673098   627470  955947  1553394
              64      16  295047  488236  1780008  1722886 1991276  476959  998622   913649  1599680   821391   555990 1083249  1279447
              64      32  323102  653436  1892980  1933893 2133730  520419  712397   659861  1183548   718114   874936  929467  1210227
              64      64  328238  645579  1933893  1879725 1947927  789967 1066042   831569   645579   695778   673098  727850  1484662
             128       4  337695  653282  1521718  1598754 1183041  460514 1102844   852438  1172704   659704   624409 1196221  1526043
             128       8  351630  673778  1827299  1727352 1967960  526961 1102844   864797  1885042   711270   722760 1504659  1727352
             128      16  370050  748976  1939522  2058509 2211113  542400 1303699  1133103  1732927   771581   805138 1363288  1377278
             128      32  376274  795593  1878447  2058509 2248149  571257 1346196  1040839  1663139   864797   864797  992724  1911894
             128      64  350482  761728  1885042  1911894 2166499  589446 1243315   990891  1487977   677178   976473 1346196  1684006
             128     128  397444  692017  2211113  2166499 2248149  962469  744820   633995   703810   831319   794416  726674  1642783
             256       4 1044693  679237  1561112  1306564 1642294  659625 1213534  1070737  1300235   742146   632429 1479379  1607865
             256       8  405062  778183  1570244  2030503 2081678  944525 1525622  1062263  1479379   750970   770920 3511189  1430119
             256      16 1237306 2170027  4350555  1752173 2015259  826078 1312954  1201314  2015259   775373   805021 1312954  1070737
             256      32  399932  727070  2754556  1489641 2034350  599585 2285501   873809  4332998   675816   799625 1471270  1729594
             256      64  387939  737558  1532153  1558845 1881098  794889 1062263  1031644  1489641   864661   870974 1422540  1572543
             256     128  393195  802614  5569035  1743637 1952947  703260 1272498  1028679  1437779   679237   999940 1044693  1686137
             256     256  432471  790209  2000242  2152625 1911233  794889 1219045   886067  1292410   847597   870974 1356067  1839210
             512       4  371035  784094  1729323  1707325 1541840  618371 1372364   949875  1230786   697505   701378 1190529  1505098
             512       8  404437  819085  1961520  1736314 1854787  934580 1590957  1212715  3659616   717069   760762 1635797  1772135
             512      16  424924  920953  1801873  2143612 2105777  772252 1783912  1446306  1829505   875164   873740 1961520  2063289
             512      32  447597  844865  1801873  1848401 2022482  979331 1635797  1252318  2327124   806171   890404 1854787  2039772
             512      64  420349 2337255  1725155  1809465 1897396  958781 1506154  1213400  1848401   784094   792486 1323315  1575781
             512     128  411253  780674  1809465  1882427 1889050  896725 1258188  1158418  1437592   860437   775599 1467055  1575781
             512     256  422084  738777  1753325  1711407 1630828  903136 1199171  1005938  1585086   706221  1160923 1094088  1210664
             512     512  396961  638408  1484293  1357615 1344020  802555 1179413   734482  1227971   801059  1985091 1078159  1429934
            1024       4  382359  770562  1628234  1732676 1396825  746327 1207874  1057924  1275301   729344  2031864 1429841  1492963
            1024       8  410420 2353657  1750329  1771993 1809317  898941 1535668  1300793  1517224   732578   810706 1825466  1920993
            1024      16  432054  837420  1828574  1950656 1961346  903669 1537868  1519371  1762539   811472   810248 1729884  1845071
            1024      32  425084  835953  1732676  1861867 1927891  881234 1590254  1336827  1735476   799390   760197 1590254  1673273
            1024      64  428990  893517  1771262  1438461 1602715  912695 1408275  1150292  1726407   773476   783494 1515083  1556257
            1024     128  425420  787806  1590254  1640674 1630707  964986 1305935  1241389  1729884   814550   817963 1519371  1570483
            1024     256  425969  790852  1525848  1537317 1512415  881234 1301187   973296  1391395  2211841  1475525 1336827  3020783
            1024     512  380968  692311  1271902  1194770 1322828  835303 1227552   887975  1307525   641537   977060 1145383  1121458
            1024    1024  396587  731455  1381993  1441842 1410588  738880 1032244   771670  1278338   800582   683497 3210456  1235319
            2048       4  973385  746055  1471432  1513696 1364606  731942 1288076  1199744  1280015   701115   686107 1403628  1414259
            2048       8  395361 1477506  1313685  1398828 1429082  809851 1555075  1369829  1500214   796263   806581 1680082  1481839
            2048      16  419844  716078  3650932  1770096 1627866  889245 1568134  1527423  1265681   763902   822805 1751687  1728076
            2048      32 1372675 2265991  3677503  1706788 1793378  877167 1350872  1338662  1588726   713342   795673 1699696  1682715
            2048      64  431247  777242  1266427  1311879 2562778 1647852 1394966  1337619  1488257   750487   718594 1456462  1488515
            2048     128  437240  830843  1622945  1642181 1620190  898640 1459680  1349174  2216868   753780   747418 1517976  1398828
            2048     256  429629  815928   876362  1487227 1571577  928359 1381728  1107548  1671907   726740   767931 1416357  1496033
            2048     512  417092  732441  1380839  1342847 1425288  874488 1267362   957009  1398828   803788   826129 3075736  1403628
            2048    1024  418392  767040  1364390  1358993 1444219  805069 1233865   801912  1147343   682238  1027036 1276022  1235996
            2048    2048  411005  756235  3489282  1367213 1362658  786493 1268859   879322  2797290   801613   784626 1242791  1286533
            4096       4  459148  734439  1493797  1498749 1135573  685062 1323482   997564  1266503   724956   732342 1454465  1497051
            4096       8  439486  825447  1665715  1592526 1398351  765597 1489523  1329422  1507560   821657   741764 1693965  1691130
            4096      16  434264  848396  1726827  1582114 1584448  884474 1622149  1548460  1655602  2030764   827634 1656241  1790351
            4096      32  432069  836051  1640426  1695972 1602628  857458 1673830  1439114  3519162   773282   795481 1705908  1747376
            4096      64 1346510 2369047  1536962  1574718 1644981  922121 3706707  1397441  1534628   782724   758801 1536962  3757786
            4096     128  400073  796588  1461891  1526040 1411447  871861 1384267  1391780  1390766   727534   716849 1295830  1469645
            4096     256  418431  772830  1431201  1536412 1442740  866671 1499272  1180032  2077169   700881   725721 1428227  1291738
            4096     512  405187  780342  1365344  1395058 1477100  854218 3365430  1014111  1282768   627350  2088533 1335935  1350002
            4096    1024  420541  765154  1356826  1376834 1336454  838295 1309859   966257  1392344   818564   825804 1339372  1345245
            4096    2048  415828  769472  1375401  1368935 1338537  843688 1277142   949908  1358972   711004  1141913 1289701  1311960
            4096    4096  607904  750448  1285263  1283631 1279615  812524 1249553   813525  1256774   807901   837274 1256866  1277997
            8192       4  702814  751692  1535506  1546843 1313857  754615 1361223  1192226  3131639   725412   716397 1522646  1507283
            8192       8  702929  851567  1722136  1748159 1565734  868441 1587875  1317231  1521836   819458  1006147 1725336  1713462
            8192      16  631417  834383  1793323  1814058 1722136 1429166 1729330  1353821  1698471   831837   836780 1808806  1802449
            8192      32  545914  867061  1748960  1731509 1679377 1027848 1727939  1265561  1708096   803608   808924 1741161  1735971
            8192      64  978859  846824  1609143  4173515 2232194  930482 1566376  1396748  1563952   755993   767098 1565805  1526366
            8192     128  601738  860072  1592217  1586629 1592217 1366257 1571175  1417083  1567234   761961   772253 1602464  1574487
            8192     256  567040  841247  1511128  1507812 1536674 1203628 1958399  1178204  1689451  1959739   727978 1779761  1528063
            8192     512  418343  728642  1283190  1593103 3295327 2446785 1776633   988547  1417083   686085   695121 1398453  1602838
            8192    1024  982498  798900  1390136  1372149 1393236 1407043 1356280  1248001  1488349   739622   761539 1358102  1353182
            8192    2048  714654  793567  1365063  1366202 2266652 2488608 1334006  1000609  1262074   834727   847701 1332505  1323421
            8192    4096  694826  874275  1393915  1230966 1228370  806683 1263002  1414632  1255847   725596  1160182 1276800  1260315
            8192    8192  619900  747717  1343184  3100554 2946853 2115121 1224169  2218789  1230393   810222   830993 1248999  1228019
           16384       4  662971 1051257  1534094  1804617 2353986 1567084 1366931  2678411  1298681   777820   881710 1834681  1510457
           16384       8  669253 1022462  1757180  1758664 2542923 2465997 1618345  3687496  1575094   983198  1339435 1794298  1732854
           16384      16  678002  875911  1806182  1811610 1694149 2021707 1714523  1829796  3386562   838361   863583 1819814  1805423
           16384      32  817652  933196  1716707  1838018 4035484 2563986 1627813  6131394  3031856   982018   803137 1624581  1646811
           16384      64  664233 1177533  1585450  1579329 2478270 2773652 1579184  1362378  1892535  1622356   775940 2450520  4093903
           16384     128  835111 1049780  1588199  1595166 2018263 2824381 1567692  1542462  1587905  1065834   776791 1580092  1568121
           16384     256  934618  838484  1503517  1522538 2430155 2789641 1491638  1627466  1492999   798369   906436 1471798  1792332
           16384     512  634817  900261  1353363  1380163 2048038 2463434 1576901  3330108  2273311  1014102   869274 1358634  1377728
           16384    1024 1045770  964161  1890192  2047977 3664490 2432650 1364082  1751358  1394503   808647  1179049 1355953  1376459
           16384    2048  826225  961557  1267610  1363162 3241055 2483554 1343704  1008181  1431930  1044165  1032648 1210493  1340742
           16384    4096  651611 1490117  1230037  2982641 2791567 1774513 1207006  2041103  1434800  1886042  1046104 1191044  1206032
           16384    8192  657547  999704  1512019  1880828 2640030 1209683 1597651  1040198  2047489  1100853  1273247 1197061  1450916
           16384   16384 1123109 1697833  2383543  2565614 1641030 1762679 1270681  1892795  1324181  1085687  1070000 1349244  1749664
           32768      64 1113309 1365000  1746125  3318674 4350462 2706513 1336437  5900996  2459149  1819448  1764100 1727166  3574596
           32768     128 1194219 1106693  1567456  1571003 3779449 1940794 1962045  1641673  1788735  1246082  1254087 1880309  2401107
           32768     256  952203 1265764  2387468  1981964 3657547 2524696 1740663  3894910  1896394  1987381  1299759 1452093  2547864
           32768     512  894541 1430541  1499413  1789620 3404414 2476073 1783883  2840715  1803807  1203021  1205458 1869058  1665547
           32768    1024 1028597 1262728  1858016  1950822 3335831 2402703 1505869  3177646  3155612  1503530  1202895 1739737  2274582
           32768    2048  904895 1357866  1495432  2649384 1477031 1852132 1873184  2907542  1426309  1046103  1172759 1875024  1917053
           32768    4096 1044894 1156574  1945492  1650446 2478842 1840992 1667830  1670913  1323057  1079062  1099267 1425185  1399328
           32768    8192  979909 1243332  2067378  1683417 1595570 1755403 1340648  2003897  1524730  1019411  1404074 1541576  2245154
           32768   16384  905646 1220455  2478663  2613314 2525253 1869566 1522754  2071554  2078006  1737077  1770577 2432513  1619676
           65536      64 1277979 1522533  2769556  2393055 2404990 2591285 2488172  6333182  2709656  2030735  1520058 2449940  2973652
           65536     128 1399533 1975296  2491487  2961159 4283134 2769332 3687814  6668911  3500835  1597544  1651981 2858969  3440583
           65536     256 1303889 1526939  3129701  2651014 4177678 2697504 2621109  5687897  2858582  2024468  1456717 3188772  2834353
           65536     512 1154736 1616778  2605803  2083547 3651416 2569941 2466715  3185852  3195481  1924136  1636520 2798913  2482330
           65536    1024 1098102 2040216  2075242  2162046 3664950 2573165 2182578  3175803  2467556  1649780  1572925 2516947  2145978
           65536    2048 1077771 1630444  3059270  2494608 2085808 2149922 2487519  3152132  2178427  1790749  1745103 2156348  2914410
           65536    4096 1126628 1532575  2912835  2528873 2994416 2192711 2057379  2216385  2130905  1547702  1457420 1980419  2059985
           65536    8192 1052991 1638442  2437102  2867708 2853212 2129601 2011976  2149283  2031185  1814941  1675208 2049663  2101596
           65536   16384 1041808 1559451  2369518  2407560 2380620 1867874 1764324  2148091  2247923  1809040  1624633 1788500  1792653
          131072      64 1382543 1974358  2908179  3156145 4379414 2779593 3388705  6346401  3832177  2045185  1832795 3194605  3572399
          131072     128 1370515 2155365  2769678  3279758 3949854 2596570 3116162  6377026  3666656  2110186  1818578 2984951  3926664
          131072     256 1388988 2064323  3740323  3283872 4396013 2747833 3093733  5266273  3681290  2180395  1841161 2614786  3100101
          131072     512 1285107 1969231  2701399  3287230 3467423 2352462 2583659  2493237  2552767  1542837  1724855 2905228  2691796
          131072    1024 1271582 1894952  3565217  3665825 3712664 2603986 2770209  3155095  2683269  1824856  1516213 2818873  2621382
          131072    2048 1264769 1905336  3055220  2948957 2630060 2133194 2463937  2429421  2775594  1520629  1499096 2677506  3101412
          131072    4096 1191769 1805403  2391825  2726573 2621644 1994486 2046845  2052776  2383343  1504449  1693240 2416213  2442275
          131072    8192 1145905 1746161  2325947  2855417 2882606 2164940 2292074  2173559  2403054  1874733  1811262 2455222  2491429
          131072   16384 1307072 1878358  2335562  2713425 2610428 1974933 2308018  1919680  2434790  1766375  1776208 2444230  2393272
          262144      64 1404294 2323336  3610854  3504544 4011881 2358410 3376880  4711092  3507697  2033023  2032752 3678947  4259661
          262144     128 1547978 2143310  3201953  3660770 3227935 2469492 3800727  6221392  3867627  2051397  2124480 4032614  4108514
          262144     256 1467434 2038776  3472063  3543875 3485127 2272517 3719985  3938039  3666348  1883867  1889257 3524676  3974524
          262144     512 1475446 2078197  3140916  3302265 3125905 2366858 3239986  2796445  3066688  1650343  1801415 2930157  3242911
          262144    1024 1380212 2045679  2791228  3087528 2926039 2144799 3017520  3026158  3280079  1830076  1499909 2988584  3281969
          262144    2048 1397653 2128568  3077642  3146344 2969736 2051638 3125452  2260310  3088144  1519596  1538693 3051344  3053691
          262144    4096 1145459 1562379  2335943  2078197 2160086 1803809 2116025  1481548  2049473   912935  1354861 2193233  2251631

